100
-736924.4245 -82699.73595
-562081.6276 357729.4335
869385.7925 38832.74405
-930855.7791 59400.38628
-984603.6279 -866315.5255
373545.4248 860872.9899
53857.55552 307837.9244
402381.189 524396.08
-905070.9732 -343531.5477
512820.9723 -269322.6582
965100.5726 506711.6704
-854628.2344 769414.2576
-127177.189 -44536.46976
-450186.3198 -666985.5996
795312.5735 -878871.3449
9045.789869 -361934.1178
-12046.62959 -818534.2108
-852501.8496 -231715.7041
827634.8841 -71108.3501
-899832.0326 540409.094
-749269.2488 376910.6021
259086.8362 450823.9973
777144.4281 -387356.3382
26547.40436 691963.1206
683021.2791 -169210.7691
-64165.263 -643344.5926
143309.6214 -933892.4914
-3039.761883 496585.3025
781474.9631 684079.2255
-574496.9709 -739145.4764
-450823.705 -171413.4739
419639.1855 -520178.3903
-364920.9274 304117.3724
362692.4274 -224549.326
-704933.9937 691151.3193
910817.6534 -703696.876
-182466.6124 129797.3611
-22970.90159 922190.2819
-600485.6019 258538.3128
302507.4829 606145.9922
-47136.39412 -593499.331
803346.9979 -715957.9362
-179373.9286 771296.7423
-675602.8967 -269321.9429
-729781.264 -89385.43155
-95399.66168 863348.8013
-569503.2318 817843.7711
721719.6719 11911.75029
635122.9662 -75510.04115
265477.4005 649394.774
404413.2979 908829.8063
-421367.5936 28869.33234
-171943.0341 753131.4384
459495.3609 431284.6701
413070.949 -961815.1926
49974.8112 -869612.2546
-22113.68113 364098.2397
833267.7912 780037.3599
-721610.0024 978724.9998
-107953.1469 29318.91507
-120548.8744 613299.8346
-576962.0856 -692791.0407
232700.7315 -998242.001
454669.9805 -164552.5683
361123.968 672839.7597
657415.9044 -836524.7815
259143.6729 -572906.4013
-222353.5247 895090.1244
-461570.5163 -431929.9261
567730.4057 -435688.2293
-977367.5471 966471.5958
639452.1872 -203712.619
-646239.263 -684537.6406
-485662.688 -796725.2448
269434.8791 589539.6259
505880.8263 266859.8135
196433.2724 -362444.2398
-765126.1297 52246.55365
175977.8268 405978.8238
-676624.5826 720451.3915
113671.5654 -367985.3237
57096.53552 176238.2439
-138304.4157 -259547.4487
-106268.1151 -224337.5627
-843473.584 -492155.4375
352473.8429 457216.7275
889505.6468 880326.2406
-79131.65424 322710.9936
211279.4077 -699212.2212
-312364.8825 45615.42681
-970098.8626 285957.7719
835695.4384 940173.3486
687950.7377 -88496.8046
-955832.5998 413899.9019
-126723.1008 503420.1863
391358.3051 507725.4929
-991492.1539 -840166.231
806602.3672 493358.2947
-987316.6201 36956.84543
88045.42493 -568348.2161
