1000
-765052.2646 -897647.0255
-905495.9489 587950.9307
-439776.0621 -553622.8909
16274.4719 -401525.0161
-779435.8679 -706672.1993
644779.7293 375178.0235
-547728.4093 -673921.7341
398002.11 -835302.2567
-745679.0905 -531760.9099
715391.3011 -262750.2018
-597826.4726 379311.4229
527247.8969 -973715.374
-528801.738 -631574.5748
753393.2401 -891405.9412
873854.144 770971.5829
-356156.3538 -648840.9211
-674573.6969 971578.6266
287994.361 876726.6781
555446.0945 -114357.5338
-736955.1037 -318333.7607
-267373.2721 450697.3942
546379.6402 732076.5785
-159113.1041 310470.3954
247858.6787 -53615.86034
539568.7525 -472508.1694
-824161.0928 132255.4376
-394530.9087 -716728.3098
439282.3902 504447.3368
-870933.3811 382220.9183
992118.4857 163654.739
-950460.3149 -67297.93247
-171636.2501 -573586.387
670208.1124 -629252.1488
634920.3998 -65654.62426
-211110.3557 -348331.4364
821657.844 21552.37768
-698548.1308 884213.0025
6354.624396 -19455.90053
-448563.1142 807226.1557
-905627.6128 804504.603
70023.11035 -387720.413
-266961.1778 920919.2991
319027.4069 167364.6035
33914.98512 -256180.4343
76982.16826 -911250.8153
-799136.2028 160550.3653
283406.7587 632422.256
268462.3928 -664142.9869
487672.1584 340050.6023
479454.9091 863058.7286
-877720.1024 -274234.7761
-648382.94 -470708.1641
128226.1303 -38496.84446
398954.9711 626761.2742
-995930.4682 -858818.6825
-999987.4687 944954.509
192350.3239 -370377.5382
607260.36 -544784.4406
-466594.9075 -595361.4853
291603.0359 173587.3149
-141703.9008 -572764.9544
906946.1154 -292737.6016
-732886.6136 -558722.3069
-726355.9852 364992.9007
439493.6125 -481002.0753
994306.5684 -606697.4061
-687768.9134 -877518.0858
238244.2211 -296251.1179
-282740.1937 -707113.7551
41777.58127 725983.7233
907182.961 720143.3524
814512.5555 900546.2594
803667.0136 -264887.8844
-966512.4411 -345001.3771
166041.085 860169.6814
744762.2537 832988.1345
709065.6759 -727537.6856
-712297.8261 255413.8498
733118.4844 221874.7386
55745.68275 -265671.0635
99894.36533 -407778.9406
155168.2054 -625730.7717
542637.8369 96963.69213
-948178.7045 527098.4788
-29948.0232 568767.4576
-941528.4151 716232.8354
460301.942 -335116.7894
-520421.8069 624007.4195
-796643.2371 -610695.2277
-535727.3361 -591814.9343
-867852.5078 962337.4124
54840.64813 -270741.1385
-446705.1915 -96448.5281
-7571.781997 865749.2257
-108462.0918 -459307.7352
-699534.8725 732684.1761
873007.2523 837204.6404
-929983.6838 -655587.2106
-431036.0729 87431.58577
-996056.4196 -936680.0699
229630.1409 -697845.1409
221461.2145 -235485.8217
-94223.83597 459904.3132
-715487.8158 -785371.5037
936883.4911 -736106.5281
-743924.8926 785331.0944
213861.4452 -922341.7893
-534264.6594 -665460.9263
-863371.1911 -30426.26834
366513.0866 -717316.6994
814771.7876 -538945.593
-502491.7303 -561695.7813
305909.2849 -548602.7024
-817294.1734 -984188.1242
723591.1652 382459.1353
-484676.6917 894342.5542
-437428.8268 -601819.0403
803754.4069 221039.6734
655646.4244 -960748.0669
780644.0644 284108.2718
731806.4782 -811596.5143
722550.0457 37257.67833
-28529.29238 -989021.1823
-667296.9781 107137.0011
950914.0838 380331.9222
379190.3751 -457704.3433
-158208.6105 -531369.3523
-156995.0609 -795520.7868
-138492.2618 -77133.24893
265114.4933 515734.4312
-154799.3959 132393.617
-134352.8825 206118.3915
-49684.98501 -537198.5916
29622.30815 957635.6191
-148947.8165 339624.6286
-606080.3915 564578.8506
-610515.8214 -709013.8427
461811.4771 -24217.51124
529534.7036 -943754.4378
313758.227 -780538.0557
556438.0966 -111973.8413
-691717.5242 187974.4612
669889.0429 204463.3069
-600873.0204 -24289.88643
400350.3395 -181858.5073
801182.3698 -650292.5972
847779.39 117813.8693
-27424.14407 65125.53627
186995.3619 -683460.7783
437081.0617 -186046.4631
-977977.2143 -882654.8455
954231.4113 -518412.6712
-276799.11 641451.831
-370792.6575 -332433.3232
291310.8181 -260757.3194
-693590.3509 -906798.1662
215710.8713 135501.0675
-166515.9054 266469.9531
392519.6279 -508592.9264
662814.6397 291719.4932
459024.0395 -330211.1648
930143.8383 183987.7136
-946391.7597 107603.8616
-419600.4939 -5004.793981
-395617.5539 -985325.371
506632.1612 -142726.9505
-988710.8811 -94487.59186
-121753.4343 345989.16
103982.0296 -185127.328
-8682.163643 -410060.6468
727063.0135 -332045.9108
732609.9825 -779702.0225
-971014.4603 740777.0346
-813196.4059 819239.468
515702.7435 698717.4618
990916.2262 -306982.5085
-537864.4976 98746.24168
-821317.8166 -602499.0855
859479.1612 -10519.48581
-274638.5105 510843.4773
361112.6223 -113830.5608
105601.7215 441859.5222
399181.8932 569376.8967
717157.4123 580189.2324
-77080.93427 9461.225718
23455.50249 -966052.1805
-132125.0953 873734.4863
557854.7385 -11355.66698
-839278.1604 890050.3866
415651.8788 18195.03535
-841938.6804 -265633.6958
-255682.7227 -651992.3478
-808047.3387 910068.4775
-221848.7039 221989.4011
-605453.096 -91786.76132
-265900.9519 524643.8463
-804906.9098 384061.7536
-559154.3229 -646230.231
622401.1849 -507703.901
135652.7751 -470516.7431
-107050.7063 -894166.5441
827515.6042 261383.2017
951575.5121 -293087.22
695775.4979 922229.5679
716548.8854 735568.1665
-986778.7614 -293150.6961
253722.5497 488146.5548
-485976.2423 -29447.02136
-714196.04 -16492.76657
-408951.8902 935992.2659
143468.5711 437787.8733
550291.2523 463164.9054
-178339.7714 626565.4596
48777.44978 174206.1885
472569.7068 -457135.7879
482678.2471 -148995.8339
689062.4576 -773083.8104
369121.4437 -424660.4154
-501671.6762 323189.3182
-961966.6613 -35601.24563
-749923.7865 -190405.7373
-35545.82001 -333152.2574
-899803.4168 -199433.9332
218637.7112 -143171.1636
-146332.1725 -801334.6475
-47959.25279 137979.7958
-837171.7639 -239097.8326
272201.2694 -612490.7915
-880691.2493 183895.6334
771380.8116 630517.3192
590894.9893 -714118.336
-568860.8933 -378738.0888
217496.4612 941042.9543
771947.7278 521465.4879
-557895.5989 -166478.32
-792497.8596 -120732.3031
563172.3604 549571.9487
-905877.539 632079.1325
123117.9482 -848451.3087
-464610.4406 157967.3135
280309.3272 831634.9675
524349.2962 19505.43643
912314.6313 559207.3339
908032.4496 108616.981
821475.491 -176284.4859
-90209.35371 466846.9223
583228.9907 242493.6713
100135.0753 368743.6016
498662.3383 194784.3174
649810.8423 -581880.784
801703.4079 -388383.4451
-346608.8247 -69419.90396
-718425.8453 640251.6475
-445970.3626 742450.6094
577407.6425 -531531.086
138427.0554 840659.5621
956912.267 629404.0471
728496.3256 821387.7894
259772.206 661244.4484
131612.2621 560183.4451
51857.96698 259452.5409
-873408.9202 -176350.0193
333789.6828 -283518.9288
19018.66586 253159.3587
899503.5317 -136130.2665
-903596.4127 427175.8735
-731331.0257 576348.7549
-95652.50971 -577159.481
-87336.08178 607177.8538
-673163.2229 985730.6327
-221913.4691 -316661.1266
-583101.2736 626660.3554
-128452.4309 -432709.3962
-272766.8649 25785.3729
-321443.7646 674635.1504
70322.62801 -230084.4237
-832906.9594 -778760.9832
-464165.156 115576.9117
799760.0702 801887.7135
-521063.1093 623705.6855
662773.6366 -136677.6657
480307.6521 -562404.0987
176364.7148 735728.5398
364382.1688 -105016.5235
-640424.4282 138906.57
-122000.0128 -69739.56227
-148474.6027 -329308.5234
830982.8564 -731090.8177
-707939.8985 905699.1462
-232565.6262 845942.7059
460005.7619 107037.0546
732369.3398 -614783.0716
731110.4042 -549615.224
836149.8189 93860.95794
-438221.791 592583.3019
-415595.133 -560256.3336
864315.1356 -930001.991
67809.72918 197677.4889
-74019.71649 116464.6201
546808.9131 -105621.3384
134201.5835 -411939.5643
-881978.5268 70050.35958
677490.5723 104158.4554
-463333.5263 766799.674
656863.477 202342.9132
765439.1915 13495.36877
-444186.4831 541234.4339
-647413.1484 -294667.7481
396771.4884 990460.2736
204681.5344 -731837.6072
-226465.2808 -566568.8647
979054.6618 -720063.9208
638313.3299 721656.9793
816418.4603 -349438.1523
-988683.7648 -649084.0163
-924571.5318 339409.0451
396445.2726 982203.3066
-393336.6471 723935.3674
-830679.0811 -66662.83512
956100.6886 -4661.271267
346073.5415 -196504.123
887978.2567 -852446.0236
-692446.3722 557350.6589
69903.77909 -524385.5571
-867068.1445 1912.489622
-911046.7027 -103534.9849
-644423.8938 225631.5773
46037.71273 336154.3442
75392.8157 411735.4392
766394.8175 810020.4698
-312654.2362 831743.4498
93626.28045 988838.8508
520198.3682 -400892.1547
703842.4083 -575680.5803
878632.411 899555.6468
-689956.8595 301868.1963
-98608.65944 450051.4439
-464123.3403 -54123.40892
664306.532 898901.604
172782.2326 176375.3795
-785847.406 369703.48
498268.7624 719321.2904
475609.4066 -448246.9132
-299264.2621 -954646.841
-25447.91615 -348093.4936
-262432.3377 148662.3579
628563.425 -180491.0577
-487063.3238 319510.6385
-860670.0128 -47383.83013
698166.1879 -282652.6377
-182960.3482 191482.6205
745952.2489 -875563.1575
-713404.4776 597287.0048
-643799.7044 212219.0507
-805727.3467 -887960.7761
781012.9182 418398.779
-829495.9025 511567.4579
895699.1763 -242324.4247
-164883.2895 -143695.4953
-906554.6486 -97979.65999
-778009.5652 539974.3701
570156.2406 42451.88353
283180.011 148014.9751
-992175.8842 225503.1587
817899.1669 720072.7597
-51094.37222 457846.928
-971061.9533 -798235.688
-540151.2785 -828174.1352
-896770.657 -629739.5436
-284870.9848 -316535.2044
-660582.7512 960734.5669
-61122.33459 -551432.7322
-358618.1298 523454.5016
530396.6299 82116.07185
-216954.8987 980416.396
-503121.2839 136397.3363
-491845.4138 265685.9183
-44452.59818 -653012.701
642875.6617 410198.8713
160742.6757 -714694.7248
-201495.4701 909068.9133
-397911.8406 -301390.615
991052.7149 207948.9827
567703.0576 350014.1227
500384.59 -506541.4533
914630.5115 -717491.2236
30229.18579 895411.082
221982.7374 -911201.4249
624825.4141 428142.6935
-29454.53919 -260247.8222
-464222.5392 713944.0292
-655996.8577 461356.5032
979877.2088 418138.8973
983243.7023 -457857.9648
-474517.0405 790109.1023
-792564.6981 -265615.6449
675136.8596 461721.5325
925851.4843 421953.1615
213569.5467 878236.2436
-452160.6096 -793492.3172
146589.3374 -402860.9842
-747484.9678 -175656.6178
-692019.9733 -131575.6785
-425395.765 -662893.5337
50062.13945 -798975.038
-610973.2858 -905934.5366
406810.4084 -653029.4824
547142.1343 494044.8775
-252495.844 -283631.791
-794693.5946 -779314.9282
-238486.8085 -577557.6413
-420785.5905 -518922.2368
26240.43428 -859509.8898
94955.49435 869733.1458
810369.1052 713950.6714
-400986.7834 646838.2594
213710.9921 -255539.6937
-557288.5987 497273.2131
662067.5232 433666.8343
-985636.5818 -827939.68
801105.9702 207882.3306
-962065.0276 -77968.60793
-3791.295656 871074.3175
581662.9167 -860490.7984
-414239.0518 787938.2467
349797.5918 -308026.4072
99414.40644 -669093.6785
546894.4426 -296997.5071
-678767.7733 259731.6892
-441701.8893 983633.6036
921381.038 32843.25484
630576.7299 708057.4476
-295687.0139 -880032.4101
-102701.161 75932.17541
159456.8722 -379902.7371
-209068.0387 -392506.0358
-166446.752 417235.9427
689011.0517 244331.9139
146457.8862 -205075.9186
906774.3626 -164365.1739
587055.2695 -589170.8143
-473066.8283 -23974.33104
982485.5561 80039.41821
493797.5999 25093.21939
-511286.3091 622345.719
-236725.2101 -598860.891
862881.3465 958793.6752
-34387.8477 104605.8458
308154.0548 -697853.0266
760556.7983 983180.1875
50914.88427 564788.8649
-804987.6775 -582216.1024
-507236.1814 -679180.4654
894989.808 878880.9547
404750.3328 -933943.5102
453815.6964 -129168.4955
-824897.5163 907969.6987
602437.9611 964298.0146
-240397.3139 816004.3397
990961.5207 110594.6006
-556832.5675 -179117.9981
991962.5318 -893896.7133
-548842.5334 749527.2998
603766.8146 -701980.1377
-28128.42244 894355.3204
-197429.0935 -249802.227
-211193.2225 -23882.66501
196081.5387 -641491.4516
609626.2851 544608.7486
-214720.3573 -264812.7053
-716767.8797 884197.1364
250837.0104 853249.2037
-825959.6844 528593.0178
238021.8923 -750124.4964
129073.2193 -332707.7293
-559561.7639 -527797.4338
599171.8599 335116.2374
516605.0691 -583063.8807
-888951.7488 -522858.9786
-10047.24983 563997.6614
-134670.5789 813233.2932
815110.5059 995847.4415
-65731.66881 598765.7809
-929958.4354 -413638.5115
496417.081 492432.6675
406621.6155 -18476.36558
24156.40956 -128868.1204
-374655.7662 -824433.0815
225578.8954 649913.9236
-587870.684 346806.7736
-269142.7408 -779694.5526
-841817.0675 406193.3502
-269929.3302 -832972.5318
859139.4261 -823841.8247
-403286.6927 -856481.0263
956438.7016 381920.5149
386533.8716 -540250.6616
-149070.8018 157473.7131
224877.5708 -308203.8891
-213158.4796 -580374.9825
442617.3538 -795184.6987
470873.3397 -96318.29114
744091.6745 -948054.1614
834688.5213 -217564.5692
78987.6499 142456.8849
70023.79345 446677.0053
114132.222 -84913.54387
-465297.6641 427150.0528
-501683.5643 426533.5994
617465.598 374290.1708
-808416.0005 969346.6862
303308.0294 -889989.8031
913661.1236 -718731.5312
-130001.6628 -76972.30302
-329169.5841 -239168.8674
708771.1826 144484.8141
-228728.8537 86796.23852
-891123.3786 -259376.1592
753722.468 -359810.8412
-896374.6587 -894702.5948
-212683.2831 575518.2037
-105357.9321 -200557.354
-378315.7461 -428640.1794
685794.0928 -938991.5395
-830817.5859 -403292.5625
978161.6418 -787124.3258
182417.6629 617913.0292
721103.1084 88142.90946
341448.4035 824240.3881
648460.7334 -826404.6386
-37186.99816 -639835.185
740645.0514 -831565.4
695048.1405 475603.3996
714286.0405 -885966.0755
471849.527 619704.4834
113548.8695 -733632.0142
168436.5539 -503930.599
512906.8189 -751927.3134
951521.1886 508547.9991
571385.3078 -856447.4683
358679.027 -537672.2905
-100744.2092 524435.1713
-570831.9302 417743.1622
-301405.1582 -934070.9972
564329.0129 472314.0312
-595093.675 41244.35752
120158.8644 -772381.2624
745470.9201 -384126.1885
-587666.6234 310175.7191
-442931.7754 639101.3981
538950.1003 -211719.0442
294972.8003 -780985.6296
-40938.01282 644526.8803
934669.7421 -65561.2583
-884587.6514 -996880.7848
138516.6257 397284.476
-772911.9954 -133187.373
-285484.6204 869307.7995
-962227.7787 675848.6266
-976799.3325 -678302.4685
-710070.8627 364220.5072
447224.9659 -372123.7645
954025.7922 -870296.3201
336348.2452 147300.0535
-590631.9006 933663.4614
720395.0037 -60170.26745
770239.8027 -148694.3056
-910056.7745 29540.31794
573126.0994 -512276.1063
-680148.9043 967761.7371
-552381.0354 -328811.3147
41197.14571 29970.18185
525343.5475 -650594.1408
237689.4005 638385.5208
761877.2378 429070.2887
455299.9191 50642.89706
921187.8991 -843242.5811
-15440.10425 758017.6364
416615.2486 25061.38063
-276012.8101 878225.5844
647868.7938 704987.9558
170814.2879 383769.9008
132126.9475 383586.7478
-47629.94598 -969001.1206
-636878.1385 -681710.3337
-177323.7925 -490339.3575
-10692.23236 889018.4439
154103.5711 633842.1182
84423.36607 -787391.2396
-488519.2717 -885804.7013
629254.9654 905622.2908
-18347.5028 476269.2682
122139.0562 200976.8068
-591334.1112 -209327.3997
742556.289 552275.5814
281308.4133 49927.46983
472693.9588 -229125.5467
97379.38004 730692.091
161464.4314 -667659.9191
239680.3359 451591.6278
-599084.0552 430216.0382
552270.4174 -472762.0948
-380035.5613 215317.5809
-838835.6165 353163.3967
403125.8567 756758.6814
957195.9953 866795.2541
-828822.4537 -908464.1332
-110510.4935 912126.987
-434053.989 -583727.9518
-560942.532 779707.366
235595.6147 -189163.3448
-849099.6659 474521.8796
150585.2819 -915264.3541
-310520.0345 87000.83581
866853.0849 849087.0464
851419.4411 430839.5924
-878685.138 -923307.0979
-264480.8328 949463.8749
246717.6594 273341.1771
948314.086 -545951.6159
-617197.8722 -564526.2913
-719336.4596 549404.0419
-538450.6258 -515189.5619
257630.1381 -530330.2529
-159642.9919 41359.79524
337839.5554 595322.5616
727761.6533 179185.4682
-218762.8922 -371188.6352
-16732.01732 -682970.8151
919311.8439 -21038.1924
-749633.0329 426057.3987
-396974.4011 -844719.2342
83032.55959 828476.769
-431639.5231 267776.8567
297983.9836 -146242.6414
-556959.5136 778305.1411
544898.3531 -233518.359
-574766.8738 380393.287
428911.8811 456680.53
283365.7055 261019.5549
-327167.9779 -106009.6714
-225766.9527 -185655.5416
732093.3985 985794.6277
753235.4709 -946331.1514
539957.4233 -353029.8661
846850.9257 -79528.84125
903238.7036 -336044.962
-375109.1387 669652.8512
-129363.0937 -203486.9686
-64860.84738 -3610.175626
756848.1778 -532225.1943
-247050.1143 -624883.6855
-540799.7773 386546.1669
583507.4712 49012.50457
-444170.4807 968861.7623
-676979.4676 456729.603
261631.3853 646522.1753
467724.0215 -626687.2209
-549621.1251 -10701.53178
79389.22443 910969.0604
18891.14626 -843972.4954
-604523.1786 766530.5316
709148.0659 516394.0623
-827156.347 -857830.7492
-374796.5709 -694660.6588
-566711.5894 646988.781
-985498.4586 -352296.2299
685936.8399 -556187.4041
532523.0203 659439.5686
241658.7568 -418645.2489
-806390.3948 560106.7809
196569.2291 -63666.80813
561990.7687 252123.6478
234173.5684 -917350.709
205029.8664 532129.4311
-499081.528 -774746.3726
-415868.5948 -915570.1363
-177557.7019 -25928.27997
689640.5083 186378.8628
-455014.8553 -562875.2949
930071.6792 -911662.9526
629165.383 192090.4609
703873.5919 -16159.78453
843366.7967 -279572.7062
164672.944 946337.77
-861836.7573 -393994.9752
-560976.4578 -537385.5934
821584.1999 -679642.464
-216911.8245 488895.2153
-448618.1005 299051.0574
-147805.6606 -772053.7636
-991203.5684 -663644.6898
970159.5507 507819.7743
-798602.3825 -865255.9541
-964860.1577 874853.1893
413938.7279 -769023.3008
-165880.3012 770395.9684
890088.54 -167214.399
-941895.9493 -639966.0747
-163921.8066 872053.2943
-790963.3322 -176743.3812
-634290.7999 521340.3206
873878.2475 -570038.5519
291972.2679 -883438.207
720900.8413 545258.3154
318245.3428 398311.8006
896853.5099 359157.1279
-849056.6678 410803.4436
986466.8303 -661917.1914
699706.1528 -240373.7798
735817.0955 -831371.0689
307871.6224 -734042.0429
-800157.1482 295406.846
380569.3456 498928.6262
-184141.5893 810451.0027
790902.5624 232315.1222
-125225.4745 866925.4911
-77158.99625 -722267.5193
832640.1205 -846129.8489
344468.5334 826044.7579
636074.0101 389179.7309
-720288.4795 381510.3219
-883361.2579 814240.3467
644958.1381 447949.3144
77315.42263 -840863.8533
-163024.1311 53919.55337
-751048.6945 -919054.5239
750463.8014 -856667.1254
668634.0144 -391401.9009
661472.9678 -751158.7847
-556776.1785 520874.9875
-311662.0664 187730.8736
-747088.6481 320454.1501
-151241.2445 -157683.7037
546483.6927 -886087.2546
130165.4544 -821426.2207
-73427.66172 943367.91
-833259.9203 734733.4129
-256559.9637 307360.6908
-362872.9116 19394.06816
334902.3115 -206343.4779
629030.2231 822930.7545
-331517.7172 204171.7421
-356163.1014 -631391.1156
-514985.2679 252968.7323
-461753.0612 -823335.5057
212214.8302 935760.9244
-92756.5302 134948.0396
-811394.9162 -885904.7098
521571.0339 -465910.6451
555123.1855 58756.89307
-1736.364084 185580.5163
425632.127 -860449.6061
-581499.9071 978608.1955
-520579.8264 64827.76522
-967010.6682 903179.4529
795791.7016 982104.9226
302784.4652 -875937.4189
-527566.4795 -604042.7745
-958953.6903 -295751.7881
-49438.70092 746648.0236
415195.566 719611.0555
-31113.89771 -65255.43614
557775.3733 -522740.0593
-415862.4008 800087.7449
786497.1439 569168.257
948104.2907 -528719.3327
821566.3929 -684661.0589
-997956.5768 -510389.9719
-235391.1454 -357289.7203
-629873.5399 -809560.3338
-726596.705 957714.5963
922996.841 319299.1095
-690160.7746 -621710.8489
-825978.4653 -653478.3731
-39098.84397 187972.5197
157312.4857 -366586.8145
339319.9921 -890159.2269
730974.2661 -148130.0312
635481.4706 499901.1962
746342.8892 -614316.5838
130365.3123 144942.5213
893992.8277 474466.4353
472302.2284 -551871.9517
-904999.3745 380622.193
722504.9937 19330.40292
488507.3783 -852380.0524
529075.4466 438840.5178
455749.2526 -402217.3891
944885.5849 758176.1019
988995.9449 -417744.8059
-26986.98737 -100894.6927
509743.2492 -864764.5765
-870828.9968 418962.2429
-159709.027 930698.789
79931.75528 431027.7474
279991.9908 -751002.109
384346.8957 -973038.3136
258251.5104 -347361.0455
155293.8117 114167.39
-88077.39539 -290034.5418
662819.9228 719463.7658
303420.8425 -19283.08673
-670778.5746 -790414.9426
351765.7235 362769.9063
-441206.9138 -661384.0422
-3590.668034 -862130.9293
-760898.6573 391183.5418
375835.363 -386003.0235
-222795.1628 878361.6872
249511.702 48246.27686
-876124.1109 -394513.2609
302366.7405 361982.025
619690.7992 744106.4946
-626408.7167 -166212.8835
377499.5088 -372533.2986
-321436.902 -984518.7726
738666.6516 352485.3077
917560.8126 855753.6016
-344506.362 -429802.3563
461809.0569 242359.7207
466148.9647 906395.0299
-425040.0551 685788.845
630136.0877 182195.6374
-73322.48007 172802.5354
-776061.5788 359904.4571
990227.3854 999924.2219
-670415.6905 -970568.4309
895772.0848 629165.1509
686271.9659 296107.8937
942165.4248 768737.7965
243365.1153 -504680.3457
-270573.2732 -652533.0375
-227691.7075 151589.2579
-550196.3488 -535790.1748
909826.2991 131444.9509
-704020.8193 -23241.8643
661723.2308 391549.7267
535524.2336 -929861.5895
26312.77538 -201046.2718
310250.0656 617247.5874
-198135.968 -875279.1299
-28753.28244 -506647.0789
198145.9969 -326915.4194
-482005.615 11683.84121
-167603.5202 -126877.5995
632994.4701 533288.4792
-209032.8133 -84984.15741
881432.73 -196155.083
89383.27171 23138.25363
-82660.66121 -963202.9581
607599.3942 172628.9546
934954.5987 -980571.5928
-673986.6477 30334.95292
-663692.3852 343746.7744
-273292.3535 525697.1497
-905016.4751 49965.99932
172360.5008 -599909.9367
-781625.4614 -644904.7919
521060.3667 881797.7282
805249.5993 904988.5658
364239.4281 -909367.2014
-499963.4511 -296315.3256
760879.4739 778096.1127
-926670.0816 143363.0515
-288080.9447 -486902.8655
-126375.4129 -280911.5665
-653040.5244 -739965.8934
64816.44442 -650640.4285
-881527.6064 -102027.9345
-219162.1476 -81515.85638
112057.6091 -975573.4026
384257.2483 -101860.4827
769454.1358 505923.8161
-164538.8102 776612.4462
-50362.42985 25535.15351
900399.8106 695447.1401
103222.7192 -754775.8797
-582997.5957 989039.2788
488819.7979 -45710.19183
240984.9992 -339704.9855
-343868.3223 16755.64779
-300432.072 -259717.2562
-676092.4018 418555.233
-500359.9847 700191.3622
-758959.9399 82978.4271
-176319.2977 407824.6404
700284.5894 -367622.5255
-326009.9712 328620.3316
-160399.4557 -43176.47355
867730.9682 -851193.9313
426126.8041 -952727.2391
40143.69221 -488163.6115
256796.5579 -324885.3347
239200.8412 -798086.12
608173.5784 842298.8859
-519877.1923 644130.2601
-534852.1667 -894325.2098
-306113.994 -515367.3398
550099.5695 774204.8046
915955.7879 -857057.891
892184.6422 929292.6908
-5162.857654 417575.1298
813894.5339 -999575.0468
17779.26701 854690.966
-787822.3387 721049.1241
912363.4731 -968345.4823
885769.3718 -138165.8111
226168.9414 22799.16325
-584608.6345 597231.706
717707.1423 -325547.3865
915059.4479 -788547.7567
260848.3613 -353449.7794
-405909.4806 494808.1336
705293.8578 -25398.70384
828433.0525 800809.5967
193391.8831 409571.5024
34137.76063 473969.5618
-30704.59843 915162.0347
-487668.6646 719511.6245
-768864.9556 206675.4778
-921444.5191 209725.9158
348838.9387 -100174.4374
742024.6577 -194313.828
-814804.6315 915672.2792
991386.9056 932365.689
7880.558859 789266.204
-658260.5248 544088.4012
462372.5202 649071.0198
-32019.96727 -347290.7645
890582.6834 -738721.668
983996.7309 -596047.0401
-7781.519917 -806332.763
202918.5311 571496.6034
-798930.099 -425190.7409
-416303.1317 -717953.8138
-134663.3881 19757.79969
-709552.3329 163602.72
963226.2125 126464.8997
-102340.9617 -551107.7466
126802.5622 -632175.8605
584453.3766 -874252.0948
-175492.0031 705315.3659
-558039.9474 960726.3328
87707.71888 -403065.4029
5049.216882 837530.8362
-709389.396 -238174.8344
478986.7555 821597.8439
-622449.8691 231953.5333
-6945.371894 287586.1408
800902.1236 751895.9312
190784.6911 -775538.8478
893211.2969 -552281.1561
948291.9372 990693.1431
147927.3214 860735.1999
-240729.5839 816501.5125
-58771.66529 -903054.6903
-402365.6554 -686859.2002
556171.6752 384069.0802
-943595.6794 -245054.547
-273761.13 749751.3059
593677.5083 26681.37429
-149463.667 -591324.6089
-49222.55012 -42851.68106
633431.7923 -805279.1723
-606837.9621 -316817.6221
-750638.1242 -840475.4226
-180120.085 144163.2351
-383691.4901 726791.7515
960227.0509 -728739.3845
925486.2754 -34531.76116
88104.62374 -432417.1511
-472306.0949 262079.2107
274303.8825 -617705.4616
-15113.86819 290861.7042
277938.9704 -234425.7683
840519.0989 -364578.8148
486310.3938 -558386.0533
710462.1956 -374745.1766
867941.1264 -268951.4626
734465.4399 -44427.13546
-166757.0332 -367910.7653
-901492.7094 483461.0357
292855.3201 -514270.7946
-687927.4453 -391340.2743
635431.4112 -75399.77108
939860.8551 835234.7747
815572.5349 789243.0909
595162.7786 -96559.48742
642118.3112 -122286.0223
-579217.0947 940498.0149
938448.7643 121882.3352
892222.3268 -243664.0365
715413.1798 -91312.08306
619971.819 -42278.13856
307105.2381 637307.5106
-269976.4978 -295533.5523
187276.9 800175.0038
-610458.2845 100089.1278
-727888.0618 572845.1882
