1500
-946049.0481 -289531.9889
-599309.0572 949438.7183
312326.5891 -924085.5927
335150.2701 -175686.2758
-596822.388 -475778.147
-373891.3742 -914440.3109
-409866.1248 533455.2105
-577837.0008 -570648.4392
93934.24741 31178.48645
619546.4694 -867177.3272
599802.1381 309821.4709
973965.0405 -696858.5751
651706.1238 -471888.3171
282543.1919 330461.9074
-566589.1161 400648.315
585698.7284 103299.9209
895120.3762 -977626.0074
232540.6123 -529770.6042
689507.8386 281310.1458
-629500.6379 651184.7145
299047.594 -525873.8696
-211735.01 390368.5236
-59408.75606 724399.5424
-911155.6671 54039.5143
-775293.9809 -223969.1959
-297709.4743 198504.1908
644328.9148 537872.0133
921154.3896 -565552.9398
603766.4213 17051.09353
-46140.02933 -345116.3132
-516979.5642 -999992.1936
362556.0081 728111.8286
69717.9765 845843.0145
61093.34398 -465105.9085
636005.1042 -46558.54299
67790.01589 -323045.7643
-568704.5639 698270.6069
-512114.9906 605321.9033
-838493.5423 12333.3663
790036.8226 175035.2967
978207.4619 268153.3863
438098.6666 -236070.6601
-348486.4828 -282.3043675
-126372.8542 650772.0688
88084.52669 659722.1665
-894699.6475 421515.6634
-169146.7208 -93708.47607
-986899.578 227715.5596
-523004.9895 -472746.2689
63232.27271 -101298.8689
708070.93 249430.8837
875887.3022 -358420.2177
-75055.61929 -742434.0574
801734.119 791820.1738
546891.7909 726836.8062
-232618.9454 -493875.2631
102600.2628 842284.1165
-635441.5175 -820754.0887
517675.8792 874585.1616
-895387.4454 636143.4094
-8102.14102 -256527.4004
744885.5429 -959147.5053
-164706.0084 -655447.0875
867869.6643 -584071.0652
450619.9394 -396997.79
538333.4876 -78493.42813
-615615.7458 909091.049
382385.3325 91280.49851
-565065.9939 721130.0355
129204.5001 -673323.2554
-79769.37746 -678151.0734
855610.2445 695111.4594
457883.9553 124624.4632
308354.0742 -219409.5864
420922.9333 274157.1823
243669.0681 681925.496
264637.6475 -547004.3581
-145591.3823 -15671.7021
176009.0561 -143797.1429
235822.7319 999323.2984
-502956.3785 -123611.9477
196672.9014 720258.6578
-324538.5868 11612.61578
601548.8298 -499155.8184
-50391.15642 -540615.3989
773761.4533 -896757.4398
938839.1129 40473.53014
621009.5326 235540.8393
-716107.0489 -946817.5576
743352.4799 651669.4957
-971228.0819 -219533.6432
-561216.2882 -707488.5446
-673160.5991 332704.6073
730230.0521 -262686.9811
-501557.0042 555821.8781
-697779.4565 415705.5375
-882477.2276 -587237.1411
401406.8908 -674357.986
10406.91374 -459493.9477
654364.5568 -868570.6932
-716013.4886 -374423.8325
727858.5385 -68613.46495
527685.1015 277118.7883
576259.6054 -479041.3672
689684.3031 -947721.8498
672592.2814 110680.4896
798963.711 -914185.5094
700125.6299 -370058.6533
-52343.6231 -17142.99841
-777879.0587 -679520.6266
-143870.8939 -455987.8064
908729.5267 -820968.6492
640259.8816 -594800.4151
594083.2791 213740.2958
-845607.4206 -621786.9196
-839049.5335 260970.6128
788222.5992 847824.9108
725831.5924 -225127.8359
639344.2259 -713742.4596
-844725.1872 503948.9375
-554809.7409 394122.4586
-338763.588 -815997.7245
-365143.1586 -526820.4971
-908966.4561 131285.8287
-744682.7963 -277121.6898
-319755.3136 171419.2197
756666.5008 262806.3256
321280.2162 886488.7834
-252356.5182 -177419.3555
-675222.098 -190765.5633
84800.19261 -463092.1458
957737.1421 -543452.42
324086.3149 437804.487
-707578.9525 -734728.5947
-590408.3311 -195795.5474
152533.0341 872696.0851
-132815.116 -873038.3632
-876830.4847 514669.878
-7651.369534 -520697.9004
-919809.3928 788238.5595
-826024.271 500453.1364
382024.3733 48650.17057
950573.0172 -367988.9298
-571534.8455 389616.6291
241756.6598 612085.1233
-368054.2812 -584722.857
-569897.5081 -490452.625
737719.8243 830929.3843
521621.1264 -419888.9318
-615585.2812 374266.9512
191316.0289 839168.4546
122440.9654 199768.2756
-612902.0707 -896708.3273
-33721.00463 952587.233
-191526.8168 739499.5072
-525757.9616 859111.7059
994705.5895 -928339.8319
941075.2357 -502427.0356
-16789.05139 568737.41
-548846.1402 -142179.6576
-100155.0643 -759837.4345
-514225.2849 763183.3628
403352.869 -45370.37292
731109.2037 345966.9433
436109.72 -382921.3959
-551461.8772 954297.5661
528997.6769 312842.7279
-702783.2831 -775926.0434
-251478.594 -302374.9768
-739303.1253 -305923.997
743724.1072 225026.1834
-812344.7265 -775455.9022
930186.5109 43817.57636
834397.4422 -910479.4055
-614676.1154 -617406.569
-118113.9909 -866260.8554
-827050.9913 -696338.9342
300250.8461 383327.6993
-782249.5662 -954690.3987
-70150.82735 -481433.6128
295278.5334 -856953.5045
-544922.8813 -387934.2947
-362282.0628 163426.067
-949008.2032 -470281.3169
-21348.01311 687630.5219
899184.2418 611749.1856
-622252.1004 -880195.3359
-544016.6916 -432225.2009
719344.3999 432959.3759
-559499.8157 207234.8287
-256478.0994 913591.8357
-752380.5051 -517731.0804
109857.1959 674148.7117
-933927.4869 669105.7029
21870.99061 -439295.9663
642877.1378 -615012.7153
81660.87263 -614074.0643
-200342.998 -114450.9541
151987.6149 -707800.243
140665.5867 611199.272
457595.9911 -580487.6943
-15927.12351 -142316.5048
-162259.0019 56693.16651
198014.9896 -642080.4654
724479.5705 910039.0417
748411.6142 -887450.0078
108542.3603 154001.1249
57375.04522 138099.9431
-246301.7928 -83959.73535
807702.5262 -11432.72965
972162.0282 879718.3744
859906.4435 696200.4978
830712.0724 -481047.2215
405746.0878 -736987.3845
-780883.4217 -811818.4697
-238017.2423 286476.8939
-48855.83105 859142.402
-297375.5896 371056.2986
292719.6109 901979.4904
-930474.4244 -542848.6152
375535.6092 635164.6101
-651116.3987 -653224.686
169428.0946 -723957.1693
494513.7941 984786.4435
-187286.1972 916346.9305
-798075.7 160796.6461
514951.0692 -651205.5423
278764.3386 22773.19703
605248.9276 -651424.61
-884440.8855 820110.6022
569795.9949 -484287.0093
450821.1289 504369.4661
327831.0143 -762040.377
885307.212 974782.2836
225937.2923 971633.888
403464.4636 722482.5609
-682075.6055 -522947.9026
-992222.2216 900205.0322
543271.4642 91441.25131
120930.0617 -832228.1438
-94246.43426 931045.7254
993609.9402 -874684.0065
-367826.1296 617653.4641
-20461.34981 -999192.8045
-136521.1097 -515318.6165
-388051.4357 254808.2189
-946460.3319 115997.4756
-320727.2776 503134.9042
-656094.1488 8204.174248
290514.1783 837420.9969
420218.9708 286007.3271
824034.0583 -430087.6224
-113358.5999 -663057.1119
-807232.369 -334617.3702
968135.0109 138594.5271
-383061.4781 -275042.2571
-12988.17418 350729.7148
-486744.4678 -758511.7869
313362.9865 -372055.9064
-833334.8333 -538471.9073
-55183.28082 -970699.0274
596936.181 365066.6924
706629.5073 -29196.6939
580727.2352 369525.8498
356679.2469 957298.0356
742311.0659 -825414.0684
-381964.0588 -485103.1386
166414.5003 -724442.7379
-797148.0695 642423.0033
-316748.1862 -624896.9435
315296.2108 -300009.9586
377554.3373 -587206.1703
979696.2933 145916.2426
985889.5956 832824.9643
-921126.4195 -485664.4531
675057.6933 -14565.11083
734223.442 -391396.1051
-219215.8027 -391616.8651
609256.8619 -328858.87
876120.8139 843897.6322
-462601.023 969060.3996
-339615.6601 -239195.5477
119661.7312 -673473.8728
285731.2926 -146021.4485
944710.7961 -739830.1655
-89922.31428 -62088.17216
28348.1877 -687543.4583
457989.3101 286116.2783
983401.4912 858578.7717
205384.9565 672478.0026
-840983.3016 552788.1131
-126020.6581 -847770.4584
776962.7171 936954.4365
-427931.7644 438274.1729
93204.92356 -31064.79839
-720873.6206 627685.3823
533866.3746 -920115.8053
819035.7453 48767.98886
-147497.7283 536489.5496
-831965.2294 667090.3496
630130.2323 226047.5252
859918.7145 979993.6468
-821011.4808 -468569.1039
-151234.9977 290206.449
879353.3138 232438.1502
421477.5266 -850920.0704
-622212.7423 693658.5255
565133.4787 -1796.750727
365214.1101 676524.2948
512267.3681 242016.6094
3862.588006 -435709.598
753534.5636 -488082.3713
602391.5918 694430.2948
296766.0124 -701851.8395
-999814.7939 -738597.3951
999669.6503 -800740.1019
506110.603 536116.7538
-565170.1566 -703624.1345
-401505.1926 784205.3876
29443.78238 -262658.2844
-353824.8931 -671148.2085
881037.1993 132747.264
501928.0217 966107.9193
942290.2559 629756.4867
418830.3622 760235.371
-290463.5157 210853.4042
-203165.9631 35546.79661
299431.7818 -852219.808
-424193.1509 39538.27902
-871133.1525 -118119.2288
-666377.466 -641035.1303
12814.8753 -927813.9237
-911751.6356 -216435.3306
109066.1677 802674.1518
913971.5123 320106.449
950032.4404 44511.43103
-336682.1388 -950607.9254
-230761.435 323045.3354
-446060.5283 -656391.977
-930336.432 839138.5789
921029.2763 124604.3309
-596378.508 500786.8356
-60538.77547 236988.0974
-268994.0382 234495.5096
-425988.8971 394836.9903
-968974.0357 127031.4212
244562.8617 -635210.2058
997052.5722 -533092.731
222883.4041 -993659.71
115887.2642 -158273.8494
-975488.2106 959522.4652
-977525.3517 914674.4877
-551854.5588 31387.77336
963049.534 848114.3483
-383494.565 -731829.2325
-650883.3143 -202596.3528
741061.5866 -16995.76155
155353.9297 -94307.75147
561254.1861 -221161.212
-544502.9434 -558284.4818
-4112.440206 -690669.7701
683581.3822 -939178.7108
-181686.1556 93481.0711
771135.4381 897659.8882
242280.0392 245993.0589
530420.8167 154832.2281
70897.20546 -279445.7236
-269727.1435 85412.50316
-5480.204468 -58893.28533
583589.2308 -809220.8943
428692.375 -615121.1258
-967721.162 -33986.89886
349406.3329 748544.3666
168269.4229 -994548.6397
-523242.0906 168589.2992
258260.5458 11880.08469
-197546.346 798218.9005
602888.7173 490918.2949
-581896.4705 -443303.5598
605972.3178 -643677.8455
335998.2359 -652704.3
541509.4225 888770.1882
202337.5337 -759089.4391
-312828.6114 139293.0548
296025.1703 -219747.0573
-592597.8774 -980249.3252
-106173.1345 -724765.5778
-893365.4213 175161.5305
-968955.9606 -102184.0137
-791916.3974 484566.3059
-190097.4676 506356.1085
-111218.4063 957382.5252
958591.7628 654522.1225
-427196.6896 729125.4497
845454.0042 182105.2716
-33413.96638 -554498.2654
442157.9654 -769321.5763
356226.8995 97593.45758
334959.5721 469313.3345
-998847.6789 -641763.2261
947256.7126 -349185.9982
197444.6069 562752.005
598988.3842 868134.3719
860825.6473 870012.6161
266225.5316 -740174.4155
-293638.4891 737584.5161
-367246.9524 -364512.1344
171421.3421 305904.8572
790107.633 337251.4988
-848131.7314 77863.18036
-677595.47 904457.6867
182715.6584 -826867.0569
203826.4648 -732239.9201
386090.5492 65454.55202
-999565.3559 -680849.4739
-636063.7077 -247154.8514
-104192.8461 -128471.9987
86357.25265 331389.4482
922857.4943 425423.9957
-990238.0756 -844464.4127
980686.9915 105568.7105
-271941.9474 691329.8396
552658.0984 -2621.382699
200795.9873 496303.1694
-807454.0669 -423250.0273
-690472.6885 -578342.7865
-443844.7496 -85256.51734
7601.249082 845484.4749
-511189.7923 196618.5765
-741181.7005 633770.961
-204982.7919 885949.5388
358217.9332 -203189.3483
207826.2476 889806.5871
-982557.2045 989725.7225
-237695.8696 38661.59456
-329509.9185 -210086.758
756053.346 -804353.3068
-653428.6677 567483.1336
-579645.7084 298779.519
-988978.8569 -671581.4928
652228.0513 -972803.812
-890093.0494 355274.0207
-625981.5987 239205.6727
38003.65394 -438057.5843
762816.2262 -619574.9666
-982381.4585 929424.4107
-174106.3765 -136907.9479
-638987.2121 105156.0621
727868.257 -874974.9174
555938.3437 -44662.54517
482900.6471 561696.9188
909369.3612 572224.8591
-484372.8145 771826.716
-203539.2771 32321.45411
909770.5996 633529.5712
-763600.4467 -169436.9396
295209.1777 -95119.54785
104428.4406 -169146.0005
-473212.4306 -996495.3597
-823464.0047 359576.7234
431856.6477 119776.2338
-583671.7734 683970.2132
166223.138 347670.9805
765738.517 240638.2194
943313.6467 -931712.243
234860.3737 429457.2236
201904.0255 -126036.8963
429556.9898 -353137.4541
-169872.8243 -440608.9619
-303007.2837 44310.91363
439441.1094 633384.7828
191932.1989 -254955.8979
-684595.8156 498464.5862
42293.55919 -301713.0889
20461.266 -677609.062
-420502.6368 -897334.9231
192402.3991 -499529.4885
-548486.6405 -338977.3705
974692.4777 111191.5777
624491.3959 372707.6005
230916.7709 315399.038
-125632.1838 -500314.3267
-19681.20123 -113524.8458
-968802.1042 509169.6407
-953728.3626 -524434.148
-572185.3079 777946.5419
-864221.6659 -279010.7608
21270.47335 166039.0305
515448.3936 -819619.7941
785058.0556 -442065.1474
-592594.5761 -377331.3898
-276737.7977 -304134.5108
257477.1754 -852206.2494
-306877.998 -985920.3746
782454.3492 -935293.4575
-278633.4609 -275113.256
683529.2143 882415.6108
-755965.5391 95836.73518
-443095.3195 -747472.3633
26117.26536 -867549.3327
217761.4777 -272969.0073
-264971.9991 573588.5309
929768.4995 254459.5246
-546826.5449 -441188.9149
-462796.7323 -258691.5632
348339.0249 718137.7378
140997.4466 857448.5334
-104786.9167 -250922.3719
428655.1208 -164323.7308
-812875.5653 355270.109
456597.9992 -421902.4842
780838.4977 -901679.2789
-657509.6775 282899.6623
611890.1115 -552199.605
-838870.5512 388296.8961
470228.9598 438600.3479
526136.5332 205741.7734
554945.0088 -508195.9027
-219014.4969 -605802.5747
-938712.6316 -272609.2369
93222.98758 582812.8517
-764956.0465 492441.4211
-946036.8699 -313296.4688
18941.00544 -829920.4299
-17597.87067 -835470.9476
112112.5908 -45851.76185
122633.7136 847187.6475
-315695.7882 -434466.659
365343.998 774846.6446
710865.04 965777.4765
-902931.8984 -676859.0314
601028.2227 779851.2746
936718.9556 -35093.4582
735761.5403 184352.2989
-487467.3726 559192.2706
-76338.4061 -305850.4782
-70283.85045 -92145.74212
463992.7527 386043.2683
244597.6481 -499360.3346
-920792.4835 156044.3507
774962.9017 435052.8627
-442286.5156 447526.7736
688354.3134 29428.80906
271301.7604 209833.2407
915174.5995 664931.015
17371.18258 -812099.4515
-665533.9819 962273.7576
-897722.9464 -826474.8103
270442.1314 454485.0063
-657061.1018 -313479.7201
-46826.9753 583663.7361
973806.4364 -467500.1368
416772.9973 29248.33622
959977.8422 -69895.53887
217084.5385 -860197.3384
699848.7725 101076.4044
429021.5544 236544.0084
-437563.684 -471416.4539
-109051.1513 764842.3126
718182.4926 237815.8867
-278372.3039 62611.07629
-562984.1582 -237116.0069
943195.721 -87332.77064
-159148.4487 329274.7526
-214454.5751 506223.4652
-650170.9876 467304.1303
434366.2056 39922.1822
301394.5662 975541.8927
979770.2566 -917966.2493
-861756.2125 -565855.4275
-764957.9229 395155.2041
693931.4789 -718817.3707
194132.0264 357708.9293
734422.696 -161076.3734
-579666.55 930457.8073
748416.5145 -846843.1654
25230.45808 42559.66895
-928074.0673 976751.0327
-947234.8935 -316212.7658
313136.7979 988882.5854
286185.1983 -897802.1689
912703.9702 -959201.7415
-633966.6189 -553612.4749
253519.6584 684625.8488
899643.92 139314.7118
-144523.8673 680588.4397
761239.8701 -339997.2131
591031.2812 291866.5591
986350.9901 -528246.8379
-941711.6526 596598.4998
-366609.936 -774936.8931
213490.5099 969454.7044
860948.0235 -736187.7842
438195.2783 171910.9798
711683.9391 -99976.44365
-705834.7504 -744721.2969
441630.2095 -595362.4806
-936188.0148 -420394.7384
-276444.2699 14470.38112
533534.5935 -804941.0831
-648058.9215 942264.3431
814921.8966 -543710.9143
119434.5854 245772.1964
420580.0893 -685438.8005
166740.1647 -456926.9333
759113.9148 -61026.58375
511640.8422 198808.2335
-650734.3449 51208.52693
-495234.7834 -783697.5418
-233072.7266 -489967.3207
-947157.5561 -257282.3727
-155653.0918 168466.3264
-503907.8782 767741.4768
622609.7595 846058.8813
-966457.1291 -23450.15495
-453988.784 -729759.8965
-346438.6942 -475446.2226
24572.65101 -183105.0116
136066.9117 661368.3827
387775.4134 458194.343
-836537.5566 -611611.8235
-97925.85231 413410.3786
-437281.8757 -695863.5486
860486.0182 47305.97384
709807.4274 -184804.4356
-917156.964 343315.8645
340618.0291 535818.8836
394812.728 -350811.8708
-462142.0549 33036.7963
-844688.4795 -372211.7378
835089.7855 946780.7022
566867.1423 -975010.7097
-772533.0412 792652.3837
-642725.8449 979304.8541
428900.7918 15793.68839
-10875.91964 -33043.66295
-811535.4804 -882633.6061
392748.621 514104.3584
451689.3152 -338811.8055
972191.2036 248296.6963
-874728.0257 -634939.3026
420682.7406 -232344.9445
-80878.36587 -655974.3963
-944970.2007 -489659.5963
-304467.7541 -656002.8715
-480715.1544 -945226.7151
341288.2831 766560.6311
-951301.9367 743621.3298
256729.529 -400261.8142
304611.2528 -659202.9309
105368.685 -591914.4206
609861.8581 196252.4947
300518.3972 997958.8137
154848.6352 673324.6422
-200697.5323 538243.9415
-795153.3591 964015.3753
-942439.8433 697331.5556
647391.0773 -333414.6612
504275.6043 782026.1484
965468.3417 157955.8039
929262.0046 -82325.9163
291181.6388 -158566.1152
-826687.2343 -374677.442
354604.4317 979238.1231
537708.724 -382711.4704
261886.52 -62429.7604
-42295.38438 673583.5678
71021.59414 357598.6556
-729187.4878 901182.8356
-304580.9052 976856.2214
123728.7667 162087.4223
-996263.55 -260224.0312
64449.27191 66484.26146
406751.0177 -982529.2615
309316.6176 439420.5932
-658485.2296 984419.9167
841212.8593 -106291.6
-201144.7753 -404227.0111
520241.2923 489343.3059
155702.8478 644196.7716
-729496.1025 -978682.3204
72387.62008 -910127.6035
605812.5895 53460.01452
919646.6465 -719043.443
439517.5525 139761.9416
-885110.9835 522990.0945
-894945.2792 -446351.9758
472764.9792 -874904.6805
663599.5534 -927964.2681
534892.8858 -915328.3997
508249.9078 -817543.3876
96202.26395 511387.8459
929283.3236 -19309.14567
211521.3577 230902.3573
957780.4318 -264515.4791
274950.4465 -240397.7096
-728040.0064 55649.64886
433204.5946 -234112.4716
-798693.7563 526879.0184
-211046.4406 265393.5191
221465.3929 -78450.60108
914759.7814 961724.0491
58751.92714 -720709.1232
-859426.3167 -555130.8759
-273790.2895 -146542.2199
-77583.53841 802433.5097
-658033.9613 939531.5774
97558.55515 -948412.9116
807325.1446 -865699.7141
-267751.374 -24065.63663
-683937.9803 879472.1318
-585539.2399 -410860.8863
775063.4063 498943.3784
932986.7869 846630.3383
-582074.5643 666545.51
945717.9315 -22407.39593
-832697.4871 179857.3398
711179.2896 715954.7402
-696003.8866 -945802.2651
-260252.0602 541905.3584
997743.5259 815407.5573
792433.0016 -725475.8533
-270846.9213 377037.9022
-729617.3142 -528011.5626
525747.6828 -424247.1781
762282.3325 -376739.1751
-200835.3869 91442.03819
419792.0238 286494.8069
-53221.54052 212417.2323
624604.08 938984.7892
59040.6622 -189019.7997
989473.3467 -35811.39771
509362.7796 -77642.52568
121582.6852 -622145.4967
65644.27946 230684.5434
-105699.1118 -781022.9366
-322372.8911 -569442.2993
800497.8802 8782.119018
-740638.8469 -558945.3811
359309.6079 936595.2368
479201.513 734111.5905
231891.9067 19096.18473
-388172.8718 -695734.909
437536.144 -936449.9101
622948.9349 -449040.1288
-135267.5177 154932.3815
955295.4616 -726371.8922
-965850.0706 950987.108
-126807.0433 975578.3471
283977.2562 48961.24634
139186.2967 -320360.1084
733707.9096 386426.1718
-862967.9894 331117.6793
838941.3793 -964569.1686
49437.12502 129476.9003
-487241.9945 322502.4112
752912.016 -935504.4284
-262778.451 -469281.9661
-89591.84513 -850749.8831
-980628.9075 -608026.8843
454797.5514 -598264.0192
316665.1887 -144310.542
-280209.7187 -109524.4152
-509230.0795 664205.2604
323811.8035 -140608.2152
-629548.881 -926742.4949
-771919.9398 864504.1683
45867.99853 336963.2627
-634387.7413 984604.6766
-910585.5769 506551.667
235214.6213 749484.8323
620563.7347 -676711.2923
-668003.1716 -210093.6363
-320153.1045 15897.91953
881470.8944 377885.5552
136895.4537 -519868.6687
311804.4325 597162.5609
934621.3403 -366336.4358
103399.9623 -52626.09909
-417884.1013 548294.5948
50542.5177 372500.1818
-382980.2634 704436.6401
-678079.9333 146580.4515
-406934.3322 -709302.3303
-354850.1297 -788547.2544
58583.9795 71392.43454
-367906.6188 310972.9179
304235.682 -94549.61489
97168.20163 -182381.9886
492036.6195 465503.5471
375121.6854 -515489.1216
-1482.360451 -160196.608
-604207.8531 368998.405
397880.8213 43171.24573
489059.3372 44812.95809
-461952.5237 17415.67487
-902593.5242 -480029.2234
-363309.3394 -89485.04614
-659039.2479 427127.7363
-318642.5366 77611.30004
-782579.9902 461598.9733
969238.9318 459131.7009
-530516.8887 -242055.1972
-14214.85993 -66122.37079
974531.1735 -315545.6384
-863906.6238 -651518.0776
850723.0192 565630.9278
-918083.7796 -210256.8185
892747.886 -749832.0146
-986194.059 -184846.6109
-294629.0906 400867.5581
-792887.7069 -241587.8808
-740772.6333 108369.9349
341807.473 -913473.5698
-69413.62279 -273663.7938
-169468.705 -686546.7972
627481.1623 -415426.1163
395328.1109 516198.0709
496267.6529 805444.2552
331188.1715 -707613.932
409701.6672 528981.8439
28045.85996 -807268.6807
611738.8021 348147.8836
139163.0352 -895953.4354
242318.0692 937150.7119
486695.0049 551579.643
952323.8415 89365.764
465379.6469 -410320.7198
609309.4786 651974.5798
-410872.629 -81802.41226
-822783.2045 -341855.663
593929.7865 201861.3925
-936692.5555 -824621.1305
-942482.5359 -950160.9873
685996.0719 -949535.594
829303.6827 267940.5015
-166355.5932 517718.4251
956136.6496 132565.8732
61161.46182 -854380.7505
894603.13 -258864.0973
-243697.0529 423158.2526
697034.2809 -24257.21567
-908433.5363 711397.242
977695.1491 498242.8849
901358.5983 370478.1564
-448149.5373 -169310.0684
291739.936 967923.524
410580.2745 -761576.3591
345058.2325 71740.04267
486337.6448 -703948.3388
-166517.38 -445242.8848
-611098.306 -171295.2135
19391.60008 -815374.8478
947957.328 145342.6842
839931.3527 -203866.2036
-702600.2187 411651.1034
-42415.79141 684627.813
-10890.11621 -357128.5711
-136757.5627 -510306.3772
-834739.261 -402907.0862
485337.7074 -373317.567
-527303.1995 -454004.5095
-760865.4913 -961393.7497
-727168.5221 763084.0088
-762200.9345 -554817.8239
-838804.1311 412246.4853
490445.9932 -98898.55807
-926108.2378 -938352.8111
28591.29299 719361.2927
97762.05733 -567314.1615
-829321.9346 239991.0153
-166915.0152 -404067.3679
-379849.5861 -485929.3784
-66448.29276 -164919.2637
36019.29232 536153.7372
429039.7498 207153.4909
-225008.6431 -422251.4972
-791374.806 824444.0965
-567662.5807 -822393.1432
286382.4608 876935.4634
-635710.8828 93392.19182
679663.7047 181580.1861
378222.3415 52943.2706
-563855.8261 -770438.8952
-569550.7298 -36546.83265
408263.4801 174906.285
434002.3974 -750896.006
-204473.5317 294120.9725
984693.111 -306163.7319
-329594.487 -787791.4384
-694405.272 17817.64821
725340.8776 990651.3206
213023.0308 -342213.3734
158909.5452 -739179.2991
-566527.6952 234904.3991
538099.4315 819976.5964
-848724.6937 -984651.4126
-747983.624 -468392.0319
145008.7461 -327928.6048
-138371.9392 -28054.93617
872702.194 -620110.2541
-300607.7911 -570224.2332
-137974.2432 -706242.4185
-816729.1127 597136.5065
-604625.2708 158782.4474
-663075.0949 -533534.8818
-485411.99 -797722.6083
-259041.4932 -353316.9205
903501.2231 881247.4766
388663.4972 224700.4303
-72040.27781 524757.0487
31390.69427 231132.3439
419042.0362 -633559.5424
465404.3995 -387654.1814
615722.002 -353516.9648
-677982.7764 453774.218
-726109.5596 -626748.465
-662593.2903 -593352.3683
129284.9811 -734322.8951
-660168.7838 475940.3842
402356.029 -462297.2959
228301.2036 -708368.8552
-547831.4234 273509.6589
898517.7417 575579.8712
-556074.1333 836413.2693
386729.6834 -374185.3079
66003.53597 -628838.5805
-446220.4346 -206689.1869
448961.5839 -869609.7429
-507284.4371 322909.8347
-100881.1556 576320.1474
-988129.2976 710635.9345
374011.0385 -767838.2353
-596532.4516 -839670.9909
-124951.6129 81661.52104
486527.0315 240640.6396
676736.4148 -868326.5051
384710.9069 -831744.4952
735577.1267 -199734.8864
135387.5111 -971532.4982
-154700.8994 -994658.3412
-458448.4338 453210.5097
-584772.999 -295849.1882
980642.1225 -349545.613
35946.43635 659972.0104
-136000.4652 728697.3431
-683150.9933 -733978.8155
-599283.0695 -189680.5882
658888.9735 750185.0065
417269.257 -834549.6113
992069.9814 924566.1705
-865501.7258 705935.7613
-78274.68798 -55013.37474
-777939.2307 270571.0897
3382.222026 75873.25107
-632254.7649 32403.66967
695494.005 66221.44687
-205499.1035 -530485.5368
-65855.09377 -18132.71822
17974.72699 -421811.5172
687752.2659 401591.9673
-980460.4852 505339.8886
869112.1517 -563916.1304
822920.9897 -678935.0796
310905.307 69699.59872
-424503.8444 974986.8532
91646.46724 561089.1787
-636389.7436 781249.9827
-745959.8407 283465.271
881653.598 -507860.8981
433455.8836 554805.5299
241197.1512 -775729.2645
987034.9464 70373.23445
-966344.6006 346130.2176
-732309.219 -804465.3407
670121.9686 -67756.32892
29715.61639 236548.1699
-752813.2605 943462.6784
948156.2496 457681.6818
-996713.5893 781349.4302
727151.5907 522939.1061
243404.1968 -801197.0658
-682301.2019 154057.1069
-469734.3841 -943040.2209
-972921.4295 -967697.8266
-412347.4685 224817.2803
-768710.3609 -563038.8725
335852.7472 469994.9793
646192.0512 594348.9581
-216612.503 -599339.8162
352380.71 636512.5183
-54179.30765 605142.2495
-380234.7514 -125862.9644
-101966.9271 809538.0659
589567.6986 392976.8254
448712.9509 369940.248
-324123.1162 130798.5595
-412346.9579 390233.0852
-88165.77239 -583770.6569
371582.4356 893408.9299
-73464.16247 485382.0956
334799.3928 -162127.7278
-388526.9708 -660594.7354
-295781.0863 119082.4844
314947.9279 379028.5471
-732915.4323 830645.0893
334279.5374 -581130.5726
859896.0664 -754946.0615
-646127.974 -205473.7289
-773334.0393 697133.6794
-494151.3274 714126.3165
863474.0911 724698.9928
305038.8301 -557525.2647
-5097.093683 -763680.9872
-945274.1817 168391.6981
724013.1463 -337001.1035
-652427.9259 -728925.3035
-588732.1891 231096.7458
881289.6436 -601544.5629
-88553.63789 -879799.8974
-917401.092 342503.9281
422455.8418 992794.5189
778347.3434 -448437.8091
310637.5992 -741628.3309
531953.6289 -223314.7933
123648.3045 -515401.4117
-69858.86651 -655948.0347
-327707.8393 611608.8547
-587011.3489 -766651.5226
353509.8483 254428.796
-462390.5363 153905.7213
858415.8502 816371.7305
-166478.3184 -529422.2832
796567.9609 -998909.2681
-92698.61777 963508.2534
-329088.1244 192262.1692
210949.0786 -449214.0685
291651.7889 -346145.2489
692507.9574 -421793.1483
-672656.6392 314695.8203
83603.41297 -997038.5245
765085.4342 334296.4633
554392.8559 -125108.7811
-26441.40821 728600.7563
11907.92798 972957.8873
-675792.8691 -951523.9815
527798.7187 445123.4157
-460752.129 -189250.8032
249682.4371 641344.5457
112045.8852 -570927.6949
-591464.0565 -618335.4794
-328657.7417 677575.6099
-991121.9929 389157.8065
217570.1642 215999.1023
80228.04347 505640.7528
-565968.5488 -713680.3896
353207.5681 -185366.4587
-609027.3241 987692.7049
616107.9492 269900.7022
-110242.5107 -669250.08
-786933.6273 -199506.3719
-62761.41583 -674993.4401
124724.2571 -354420.1169
-744237.6005 688308.1607
-943829.6363 539426.5629
726957.8914 -724643.6544
-617371.4722 -378097.2166
676881.9511 -311095.8157
-20358.00257 234432.114
-243542.2835 848576.6684
-510519.1143 126747.5341
-715676.3143 981063.7192
280781.1426 -976813.767
176416.2462 970440.0385
-494718.9185 356460.9154
-113126.3469 -875842.8265
-467434.2294 -250844.3723
-465679.747 -432626.026
-273328.8643 910804.4202
-744560.3286 -101915.6133
-252359.7108 -494.8649605
819473.4353 625052.9723
-211698.657 -717586.7159
-160909.7569 430157.8037
699560.809 -340960.1777
-977959.3802 751555.4623
336983.8153 -819494.6782
884127.5142 -490019.4278
237424.801 -289744.3423
749315.1681 564378.1954
-769577.865 -885460.1845
72585.95769 453825.063
-378097.7839 463855.9926
-946956.499 -712646.95
-622793.0317 -699489.5393
199435.4888 -619349.7369
951912.0527 -92067.11892
-432781.5786 -208382.513
-248464.3449 377165.1461
497143.9582 -544862.9524
-751.4210945 75095.95739
-665130.253 224593.8818
766654.6848 788071.6444
-20033.03632 -804734.2968
-662478.185 -293652.4115
20794.61125 911108.8004
-806264.9721 -525883.5875
857702.0188 -720584.4554
700290.9489 175487.9342
-82508.16061 873187.2002
-226096.468 -7603.713786
-943459.3286 -665308.3475
-928632.6248 189100.0335
971423.7215 -546458.1919
158441.5506 468358.9381
-535612.0813 63052.80472
708999.6022 -887372.8954
503183.2922 -301452.6165
-739287.3964 777483.9035
-972119.7839 228421.9735
-119938.3485 -718816.8132
-223597.7783 -179433.027
-952472.0836 -881145.5653
-817577.2131 -808728.4554
165804.9259 -266011.5496
-752342.4613 119560.2159
-174364.659 -360328.2842
313440.6552 -921295.932
339468.9427 102134.1275
-851327.3802 326800.7354
-907533.8609 716525.7882
461276.2661 -33322.16404
-668792.5693 563765.8815
-279492.1111 461969.1877
-806129.1838 156214.5365
153471.1601 216067.1888
-990540.8162 493330.0717
770419.5995 169761.2292
-590319.5483 798891.8298
386685.5599 -368838.6021
214102.9985 -325498.2844
-951332.0092 33263.04445
631209.9124 -784514.8825
-778804.1038 873577.2117
196060.5362 741187.7158
571376.2731 -952613.0221
-371180.5522 -783805.4285
566019.1126 -387131.8738
-287282.7929 -350345.2922
455443.7537 -294279.8654
-308763.3222 -291851.1876
-923964.384 569101.6312
784452.3431 727705.3244
579104.9426 709378.856
-988121.9987 433927.2904
-743821.1941 -801551.7285
-70960.25759 -463220.0145
-792735.8197 -35078.07133
-992642.6339 902011.3142
361967.2804 -392832.9666
46329.27047 249915.3913
261392.1984 261642.4378
827461.5417 987255.3563
588559.4641 983298.4623
-140123.4805 946396.6302
-485415.4605 982680.1497
-119824.5871 -37173.4374
3631.119725 -450213.0751
-302141.1534 593332.7796
602118.9887 -842126.5971
-76963.29373 400879.834
806283.3241 693189.8853
-538702.6517 340036.0177
715930.266 -59073.11406
-679435.8982 -317167.0916
770116.1932 -591481.3331
-670275.5901 -248552.1011
-708237.1627 -872117.8072
-717281.5987 -129833.557
-409301.4672 203055.3093
902932.3196 -412980.4877
18691.03595 -840746.8342
756985.0944 997471.3892
816638.8102 -931164.3828
-663557.8528 399968.0641
501721.1234 -851617.5478
-815124.9158 435760.6806
678749.1656 -509745.8904
782430.2284 -592719.2736
-355467.0958 -360965.0508
-508804.5656 -209594.1244
-524038.6597 -739488.5877
-913110.0818 486481.8991
-401786.1958 305950.3933
-392665.4233 816352.0298
732780.9208 900796.3001
-928687.2089 -407350.5328
920259.9183 -504361.1979
994059.6801 -363517.4551
516086.8579 -410599.0035
311737.2406 746635.8067
-610214.1587 -425250.0887
-644326.4016 -759967.1929
-45042.53057 69322.36632
550245.8006 -414184.5972
816883.709 896224.7195
779222.8011 539404.9885
318157.6419 -902555.9321
565607.5752 461840.841
485627.221 89553.53178
184617.039 165074.5097
-915905.8185 -85972.0422
-63828.20106 -856926.196
-379799.4368 -392297.5115
718159.3352 863611.5272
-949432.8574 -777725.0193
-505354.0195 -514831.1441
367012.7806 641610.6991
-149763.0066 -501525.5274
-278926.3729 -700762.2227
742946.1986 299194.7701
-955628.9168 -168339.548
192881.0077 565275.2108
-108295.1914 788567.3868
846148.6027 -791588.8565
849368.3275 -273803.833
208427.4244 541979.6003
593458.3429 -759459.3597
331346.0338 -608206.6695
-443675.492 -993097.8165
-759747.4798 -307387.3635
-121631.9294 501049.3564
-317095.1849 835361.2615
161890.2866 -992722.8066
41026.70419 568754.02
-595943.0743 -91973.94792
174021.2587 344613.2589
-18627.07507 345175.0272
-409464.6175 360525.893
-674588.6453 608579.2307
-381240.3816 286845.5462
998034.6216 243682.7661
-2498.484882 -83081.69207
356420.6694 -661079.9841
910555.2938 -671990.1937
829406.1332 -103290.1208
-550831.1149 -271697.5321
-17505.1519 -83398.18538
857180.133 -644343.6032
234138.7989 -580915.7831
-283020.5937 -712395.3156
30239.34915 -423900.4821
-197538.1653 -345919.0008
168406.3484 -834096.294
-286550.5285 241492.3289
-287203.1922 719159.9018
108994.7485 589031.0584
825938.1487 111780.9372
110676.9126 325675.195
-264498.9453 655656.2581
591186.365 -363170.2408
-173713.2245 -360832.1302
163594.1727 718662.6326
61943.57653 -879246.828
-434121.1474 773390.4646
-268.7948882 47936.7555
-991600.569 531998.2778
-117112.0507 415597.3883
-270697.9013 836923.9024
-431699.436 352878.7811
-545289.5515 126926.0135
-649161.2257 -679072.3981
-604364.6547 -350403.0431
-861041.7619 -83641.01159
372948.2684 905962.8038
463081.035 550637.7626
-848695.2736 -690272.1033
-149948.9642 935081.8045
-539908.9475 -300148.8549
-450817.4306 168743.9673
271516.7225 -264101.8062
658274.1568 356197.2786
978889.6719 -399932.0788
475471.005 416512.3278
-456874.0221 871829.4697
518863.3506 -31853.44233
881127.1141 764259.8281
-744098.8792 -204603.9903
930470.3595 481033.7016
526112.9638 289057.1188
-480132.4288 653628.915
364476.496 978576.4854
282198.7777 -174555.694
788237.1353 931419.5881
-51650.28513 804832.5826
80345.98733 659697.2303
-743254.7142 -293048.8379
566425.4105 700703.2262
208522.792 -519008.679
140476.2651 81900.63394
-174639.3344 496882.0125
29324.02499 -624861.7915
-160152.4378 281148.6795
-831388.1286 -447459.2139
-922974.927 -150989.0918
765369.0925 841019.4489
199554.288 -698838.6523
-226431.6375 775548.9037
-466214.1331 643229.9114
-743622.3681 414002.912
-389532.375 -583596.7646
790884.3141 -470526.6326
293404.7093 294331.6655
572316.3686 532526.3529
-56148.4792 342002.8016
453292.1156 -850476.4848
-777529.8676 -859872.253
-665643.8737 -903425.7253
-659655.8253 557225.2512
-371821.0573 408586.1391
-765538.1632 945012.6833
945147.4742 -126696.6062
740489.9565 666564.4849
847509.1893 -946831.7799
-683772.9894 559340.2898
-422696.9141 -105716.2357
48355.88686 -722324.2436
-574560.3285 229399.7644
-387773.2094 241694.7271
86262.08237 -835600.0999
-156504.4929 422759.0056
-645612.7553 360234.7853
740229.2317 395907.5496
-278655.0147 -633175.25
-396476.995 137517.2286
-688250.5068 900455.2184
-149292.8571 -952180.2375
322968.5548 814203.6985
357955.6942 -234733.3251
-448566.9709 -851810.8231
-363320.4662 946605.0614
354708.5735 616329.6131
887812.6123 525555.6896
282625.818 395590.0305
312819.3814 518670.3715
341059.8426 10755.66151
136180.114 -502334.0142
234846.0037 -563609.2988
-823866.869 -768608.6089
22123.8672 893479.6046
-320282.0974 733204.3813
208426.7802 493680.8101
-178324.2394 201026.763
782577.8887 -223174.6515
684065.5662 -840898.7865
135184.9447 -961677.0804
-631288.6556 7615.449348
-41203.88771 -434066.9189
-861953.5352 559494.482
-841060.2208 877867.0491
-872112.0378 -964086.5049
545300.9748 495017.1387
-663102.6932 -252086.9748
-844130.5661 367140.4721
144648.5891 137512.2501
-827205.7574 -69455.04434
-822994.7043 -16003.55986
455910.9467 253186.292
782094.1554 -729800.078
-742177.5685 604670.1038
36384.4008 580476.4208
-513923.8229 222622.6385
-839642.0018 628511.4523
886974.2836 -428287.3005
284724.5603 -951719.6862
878500.2144 636879.684
-875908.6079 -21538.48505
996919.5942 483822.8017
422010.2883 -730581.0497
76420.61183 -539181.8796
329973.0884 271063.3582
-402335.6876 559034.5422
-555938.2599 -278535.5892
74123.09935 850956.6209
-713720.3246 -327503.5895
-20680.214 -548846.8211
-450425.923 -646647.9369
-878167.8467 985558.6549
242169.4974 -983383.0953
-589795.9638 309426.5475
-908781.2976 712758.4678
-444626.8671 -849617.17
584424.7354 499474.7957
-827806.3508 963682.6971
-169045.0836 -129917.1953
-174505.4372 -864439.7266
-794442.4428 -662506.6402
-41734.68791 -254166.7032
-808930.9644 486346.0736
130017.053 -599129.5665
716029.6547 840277.011
-229878.684 -544273.9696
939825.7003 521456.6941
-517486.8945 684430.4385
382227.5209 197954.3555
-177474.5874 -109198.1828
234387.2609 -226371.8099
750569.5372 902735.3924
519489.3444 -204799.127
-242726.6108 225950.9163
-758836.1963 671724.0161
592437.7757 184081.0936
852415.7426 -946841.0017
341870.6237 -547872.3227
-690422.9561 -342569.0958
-609755.325 755843.3229
759362.7861 46770.9553
-842652.9349 498022.9091
-760533.5052 800058.311
545984.1912 211629.6393
975854.8652 -209743.146
752999.7655 45293.27003
-231918.797 199789.6999
-822345.1799 678561.2075
-159476.4212 160480.9104
-840770.3719 47945.60944
67903.18571 -694393.3308
-827143.2087 349323.9227
-19974.48316 -980177.5984
922410.1338 72354.85599
-171976.9329 -934769.8089
-352808.403 640438.3577
419412.3688 -735253.8935
-423078.9921 349885.5676
863211.9062 -48461.55974
852060.9151 -899877.0603
-637553.1985 -382425.7185
-100570.5784 756424.537
-613441.898 -708369.056
627844.0993 136652.6678
308149.2476 -693977.8166
-343405.1794 448540.5359
-548422.0644 795331.1723
740387.0931 495314.8121
867967.827 -155254.9095
815729.6671 637398.5448
578378.7635 -946643.3097
-605551.0773 779134.4594
242540.7723 884330.181
-87712.60559 -217558.9481
3166.11421 966849.465
-654678.8544 -298460.9608
-273227.9803 309530.0605
889220.6238 967883.9948
430820.3771 -653975.0767
-662350.7867 603654.5253
275787.0197 -920940.4437
-923835.8359 364745.2802
-94729.39787 -275153.6889
-742615.2579 291460.6977
-982114.4074 272471.0587
172750.1381 328940.976
129760.1665 -735336.6248
-215747.2364 -184452.7439
-739586.2614 772751.3138
-295989.3085 470963.1145
-926142.1707 -96974.80354
193478.0318 -836546.4364
-774156.1375 361358.6316
-700354.5263 970296.8793
579996.6519 629103.426
826302.4362 386520.9126
-973819.1099 535058.0323
961236.5755 777536.5589
-942112.1305 -531960.3868
-653066.7408 -54362.77725
979689.4189 385087.6733
392642.1413 557316.3886
-322076.8286 -422194.3314
-949426.7743 -368060.7168
-700030.572 -32020.95371
-944326.052 -530396.7303
-494278.311 -851473.5969
-275600.643 -131657.56
-30062.8598 297909.0476
266738.2082 -370789.1631
990204.4801 919201.0356
-753104.7414 864974.464
898078.7659 954999.614
-366237.313 -236864.7311
49055.65368 110354.442
407386.0527 519144.0671
-580875.9457 774755.054
806390.7362 -11370.28356
452627.6033 779709.5728
-275288.587 -187538.0278
-982556.4711 293279.8358
594912.0416 -881660.752
-438716.134 865917.2455
-643744.2754 -318707.1155
