2500
-736924.4245 -82699.73595
-562081.6276 357729.4335
869385.7925 38832.74405
-930855.7791 59400.38628
-984603.6279 -866315.5255
373545.4248 860872.9899
53857.55552 307837.9244
402381.189 524396.08
-905070.9732 -343531.5477
512820.9723 -269322.6582
965100.5726 506711.6704
-854628.2344 769414.2576
-127177.189 -44536.46976
-450186.3198 -666985.5996
795312.5735 -878871.3449
9045.789869 -361934.1178
-12046.62959 -818534.2108
-852501.8496 -231715.7041
827634.8841 -71108.3501
-899832.0326 540409.094
-749269.2488 376910.6021
259086.8362 450823.9973
777144.4281 -387356.3382
26547.40436 691963.1206
683021.2791 -169210.7691
-64165.263 -643344.5926
143309.6214 -933892.4914
-3039.761883 496585.3025
781474.9631 684079.2255
-574496.9709 -739145.4764
-450823.705 -171413.4739
419639.1855 -520178.3903
-364920.9274 304117.3724
362692.4274 -224549.326
-704933.9937 691151.3193
910817.6534 -703696.876
-182466.6124 129797.3611
-22970.90159 922190.2819
-600485.6019 258538.3128
302507.4829 606145.9922
-47136.39412 -593499.331
803346.9979 -715957.9362
-179373.9286 771296.7423
-675602.8967 -269321.9429
-729781.264 -89385.43155
-95399.66168 863348.8013
-569503.2318 817843.7711
721719.6719 11911.75029
635122.9662 -75510.04115
265477.4005 649394.774
404413.2979 908829.8063
-421367.5936 28869.33234
-171943.0341 753131.4384
459495.3609 431284.6701
413070.949 -961815.1926
49974.8112 -869612.2546
-22113.68113 364098.2397
833267.7912 780037.3599
-721610.0024 978724.9998
-107953.1469 29318.91507
-120548.8744 613299.8346
-576962.0856 -692791.0407
232700.7315 -998242.001
454669.9805 -164552.5683
361123.968 672839.7597
657415.9044 -836524.7815
259143.6729 -572906.4013
-222353.5247 895090.1244
-461570.5163 -431929.9261
567730.4057 -435688.2293
-977367.5471 966471.5958
639452.1872 -203712.619
-646239.263 -684537.6406
-485662.688 -796725.2448
269434.8791 589539.6259
505880.8263 266859.8135
196433.2724 -362444.2398
-765126.1297 52246.55365
175977.8268 405978.8238
-676624.5826 720451.3915
113671.5654 -367985.3237
57096.53552 176238.2439
-138304.4157 -259547.4487
-106268.1151 -224337.5627
-843473.584 -492155.4375
352473.8429 457216.7275
889505.6468 880326.2406
-79131.65424 322710.9936
211279.4077 -699212.2212
-312364.8825 45615.42681
-970098.8626 285957.7719
835695.4384 940173.3486
687950.7377 -88496.8046
-955832.5998 413899.9019
-126723.1008 503420.1863
391358.3051 507725.4929
-991492.1539 -840166.231
806602.3672 493358.2947
-987316.6201 36956.84543
88045.42493 -568348.2161
253722.7409 418639.6935
-439422.1538 -256180.6268
-379662.1232 -792405.4319
551760.6578 -889442.4193
-679452.1619 -405955.78
-44391.36572 39976.97262
-699376.9335 667364.2695
155551.9922 -337650.0892
973765.9777 -996685.1682
-941289.0403 -20696.59405
477917.4552 72533.53833
-754986.2142 -623448.406
228251.0396 -748134.3654
908056.9916 676203.2789
-481971.6155 -151328.2507
795828.4753 521234.5875
-96297.54014 331006.9103
-580875.3888 93949.67296
-648051.4842 -136183.4347
374828.977 672413.1182
946692.4063 -839293.8374
538874.7584 -499689.4557
538228.114 498503.2314
363331.561 -927264.7623
-556665.3659 305243.8403
-257068.507 -532617.0039
-668144.9274 -680484.6031
323987.0224 898314.2954
242091.2746 -964110.9603
443743.2718 -892611.2181
38349.72855 -869287.4649
954360.4147 -341887.7934
486547.9078 -657241.3262
879450.8067 -490085.0435
-752302.4536 -679833.6759
-789630.3239 -262875.7194
-345544.8867 153551.7209
516491.5336 399582.2056
870483.204 -275832.7477
-89855.21602 -519119.0477
-156842.6993 -420467.0712
-567227.7012 54878.18444
727285.5066 423128.8942
-234356.9938 -80474.46143
590705.2232 -993542.4388
329377.6629 -626350.512
-731921.7164 892089.1487
212002.5944 -305016.6641
19316.45564 668676.9142
-341131.4232 263526.5478
-917159.1232 534130.0328
38606.43143 -558968.9339
-822014.6742 412922.5482
-476442.9619 -243267.6093
-534784.7811 -61003.01223
954476.6497 -931513.8017
-936722.4168 183176.4019
-340842.2587 73056.53794
-192837.8267 933819.306
735028.4537 -703219.1832
279046.5972 863829.4491
630813.5347 145613.0442
890500.5455 -689172.2408
-312773.2475 -806923.4525
-955189.9232 713752.2355
349049.4647 396920.6644
-616032.4883 -308256.5252
-718579.0312 -556687.0809
172031.5717 -947320.6259
524687.7728 -845351.3646
851006.0929 -139107.994
662511.958 203275.283
38673.26934 -677161.1694
148720.5635 62854.59114
334098.5822 97472.56916
335930.8773 143165.2155
-117373.5685 4549.456905
-936686.9025 44126.92794
-929880.9856 -785638.9643
103658.8526 222221.1285
544060.5883 -26637.69528
393991.4965 -26300.97197
420900.125 -446706.0705
-439792.5426 60979.14629
-529194.5623 194952.4606
840504.7298 642354.6638
-539460.5007 799042.2351
303029.073 871871.8811
717531.8533 904861.8816
-754100.4971 404942.761
-784522.381 -800268.7851
-310847.0206 515242.2812
-338483.2982 146365.8337
-595036.0597 948695.7351
-16318.51043 609824.7403
-680840.3977 -701497.222
-238783.3994 -151732.9386
302589.1983 -879715.0697
795313.7975 802435.8961
-658407.5157 -937192.4478
44429.30021 -445603.6776
173723.9454 623790.7624
879742.9692 159725.0128
761568.1668 -620902.8235
437838.8963 -854261.9012
758119.7577 -820293.8032
-166407.2797 349385.6857
626093.6746 538720.2012
793047.9463 -27058.59779
-245030.9257 375155.797
-846356.4829 -44718.44053
-523961.3297 951761.6195
362397.6549 -275199.7126
588555.8254 -852978.0893
-32254.33038 -685.3384431
865686.9313 -707608.7328
-839355.9267 -183645.0987
926320.3993 -603840.1283
-607385.1236 151358.3944
171349.1852 -263594.6552
200265.3029 -702425.157
990801.2223 -194520.2262
639054.3687 -251501.2067
-40442.78528 292990.4088
598069.5386 -284656.4529
-331386.4953 -710205.0902
333712.6632 -370602.232
204498.7905 841659.0652
33062.94458 -471733.0878
667296.2922 269238.8523
-83908.2748 -688254.1974
331946.3954 589761.5176
-422691.0741 -358777.3442
438310.4713 -536209.3166
-253281.3659 -852299.3464
132365.2671 -154895.0377
-413913.108 -284948.6397
178838.4655 -73882.56928
888904.1222 -899036.7292
191854.3835 728343.0747
-790841.2802 666755.6719
317187.1285 -962167.969
-610642.2652 46144.91576
439589.5113 674163.705
319775.1475 286053.3744
69752.38251 -353142.2398
-115259.3598 -446664.8712
-765524.3639 672750.9416
-334143.3707 71912.66827
859780.1986 -513542.9966
193446.3066 -506052.6304
-607644.0818 671994.0983
246485.236 343296.4312
742567.6623 -768786.8104
352130.5112 -90905.65281
-935461.2495 710164.9121
322850.7682 -880080.3873
-441013.551 -647159.8979
794489.4888 188318.3207
381863.1772 138679.803
-130994.3956 -593683.3796
-455114.2836 -511399.6235
-46096.61558 922872.2742
-565180.3405 564949.1749
920109.6417 146800.3921
-741914.1285 3707.48977
10117.98127 -763205.4437
337808.9594 -226585.1739
662193.4912 -753111.4058
296150.5587 697390.6773
-788875.1149 -278065.133
438408.564 161938.6178
-685691.4278 -661780.9612
342703.0123 773020.6895
-316304.2494 399278.1917
583964.9042 -435560.8184
-660078.1189 -853632.5659
500341.7893 -670800.8447
546404.8991 -132143.3838
858642.9515 -467426.4243
585560.4839 -572168.4464
-238744.7944 857055.2823
233126.1802 -287331.7252
-604198.9519 582280.9736
-963497.5942 -770941.2789
309257.5587 -235174.029
-337416.8166 828736.2967
-213098.1157 663102.0172
-740781.4095 884139.0128
-295879.0203 143782.5181
688402.8441 634633.5142
-129249.4419 -301686.0187
838237.1814 489160.1765
552835.3608 224115.4997
-370784.977 -748155.6899
-733413.2375 -747938.0243
501049.6757 -82172.51861
-530648.2395 367892.1075
708472.9651 -759646.6808
888385.2593 -879475.2525
-717641.32 -545023.0006
198388.1962 -892546.396
624610.4106 -936323.1934
948934.0298 342159.1448
-523565.5454 179416.0222
-544475.3294 -104372.0162
866010.8841 26997.85777
719021.1072 218936.3726
248010.2187 288779.5707
-947999.4007 -584501.4188
120649.3646 -758618.5396
-724568.8348 85200.64286
773199.4523 -274813.9698
-401577.716 826004.395
940597.7612 595744.6065
-102559.3982 387852.1761
-63581.40823 -196890.5041
-65582.38262 35191.02224
798534.6401 -726011.9615
378268.4615 -181443.4546
-937489.8637 -614706.5883
-450262.657 -182747.0609
444585.8348 265877.1461
-999449.3017 -307137.2813
-15585.21813 -362901.4192
-723996.0561 -226174.0424
-887730.4839 531063.5446
923841.2568 998184.2833
-300434.7492 -601999.0796
85649.03837 -596766.1546
27518.02244 216039.7023
596900.6704 -706657.1062
47569.02452 143253.9256
357418.8572 689281.4019
-335854.6556 488149.2105
-194432.6735 110905.47
229002.7763 227852.2506
-920673.4446 -313021.4593
-657212.9807 -152309.3428
460745.4008 -268712.2895
-826788.4678 -163668.6135
-349475.1996 127967.1414
63720.41901 -879517.422
-779735.5655 99030.01235
-745525.6759 -881305.9911
835954.0089 717022.3334
98604.66336 692650.7119
328691.1729 946386.3416
-681306.6958 -433334.5679
195912.6807 -874227.9262
898788.2043 -435537.5441
-138351.1468 -602738.7676
518392.8394 345477.6687
366729.8137 -663034.6834
841871.3357 -992363.1463
-643696.3114 336547.2067
34964.40845 -66065.23203
-812712.5087 -109758.1035
304092.5781 764700.5335
-592173.458 -967850.847
-781833.6185 122266.1794
-509011.2617 -939919.5378
772703.4247 94802.47275
-25904.15706 873217.4772
97813.02482 506673.6853
-655082.6489 -239147.0026
934075.6571 -397220.8532
780905.9957 -499287.9263
679112.6276 416957.9193
52600.17371 -816932.9821
564260.6998 -384282.1486
513252.8913 290691.6541
-691535.1519 -89601.57345
-675144.1938 -181884.7873
-665429.2789 970862.1721
-332860.2232 -291347.3118
-355699.4611 282751.5096
-924634.3666 -843571.8422
-17755.95031 -494563.061
317228.0097 -996671.3047
-798260.4418 911031.0313
-669187.1857 -767115.8582
921911.7369 -559219.199
-490874.3374 -513978.391
98456.86926 703298.682
115220.7812 803992.787
519394.7706 996580.1493
-249919.7358 491044.4261
532626.7169 283330.0174
-795063.7381 726721.4087
861950.1445 -417667.7405
950799.5542 661338.1106
-620756.1982 530418.2642
-935322.3732 -249125.9991
-613705.1737 193894.9846
98956.95559 553968.1191
416796.8036 767129.367
989322.2964 -453.7019232
496869.7151 379414.7413
-657545.6259 -434344.9898
821705.621 -201384.1332
804987.2154 96730.26419
-473694.6869 -528332.3719
-328788.9414 -94233.72762
334208.576 638409.8666
83592.51494 492567.7743
517397.8976 -186500.36
404559.2692 322354.6199
-447213.2866 -397074.0289
908583.1126 804607.8017
948480.2466 -180084.0666
592076.1086 204012.7881
-780145.7707 -853923.1851
-233238.3615 -218134.2689
118217.5377 398059.0993
-977713.7194 -225234.0344
131380.2953 -462828.9211
-676759.1718 616619.9483
-616658.0062 296308.6411
-854290.481 -242089.7417
-13490.47284 -567508.9801
-293747.3905 784298.2027
-121699.0983 964336.4342
153275.6495 -713511.4485
-329.6672309 -834804.8954
-654145.8661 -250756.9034
-670630.5113 -509145.7885
582312.6319 -498508.4688
99627.40483 30580.88734
-296262.4531 -175579.1747
831374.9645 137263.9836
-198954.2853 612709.9695
-913185.5262 -739801.9044
938440.0952 -585581.7384
661366.4396 -387876.7203
969843.9594 -334262.9175
-835210.5984 363312.2828
-591693.8893 -672126.9968
-605070.1433 743653.1452
-818508.9538 -505948.5411
34139.56035 735982.9472
193405.1537 973458.0067
645597.316 372861.5401
255996.7154 -206689.4438
-159897.4714 -44482.56385
627244.7103 -410413.877
-51359.71444 -141517.2343
-71934.30868 316129.2126
124612.2496 335246.6552
304930.3256 -440616.08
-989636.8405 -881605.6687
-570681.1022 -492677.2664
476324.8477 -53619.32866
846122.6623 -498690.7352
367819.1361 -52155.79791
12780.1236 670132.5295
946203.1824 -702592.6232
-207024.2818 541235.8803
-91043.17549 272642.0059
484004.2238 -455729.134
-639183.6739 575414.0361
-845489.9824 682231.635
889621.0338 891925.8121
-245642.0785 657409.6036
-542798.3585 722858.7482
909302.5801 738027.2481
500208.0444 -165084.595
-192585.363 -275885.4201
-592147.6665 647158.8277
931673.359 -166321.48
449926.6411 -169799.1665
206719.524 974860.368
-991595.709 -739644.6607
355664.7033 -526334.0922
361487.3363 -708014.0602
197559.4656 -852575.7549
-594071.9058 465197.3133
916429.5194 480953.7969
-569105.6758 678319.846
-562751.211 -458597.3882
671690.4262 245627.8562
-84535.07205 450469.1517
-174327.5813 -795485.1727
-128455.0722 -515043.7443
263684.8656 89280.52007
-842117.8414 -903470.6262
-59339.74206 -323095.3351
707596.4437 -442873.1721
406663.6397 740752.4033
-636038.027 61861.2446
450582.7323 -529346.0046
-524507.4605 644600.5855
735777.042 -922680.4155
-24575.6407 -289494.8668
-669913.86 -379344.6082
-699257.7082 813413.7169
183428.88 658662.2378
-577315.3594 164234.1457
-689882.9937 -384949.8064
-262782.1701 -930058.0776
-869545.3863 541188.1011
-394257.8174 934506.1325
395650.2164 -691138.6916
130921.2136 377974.3762
-82318.54185 -676405.3264
-975076.9759 610987.4575
126978.8854 151304.5502
456906.1915 21651.03623
-50449.81428 170363.3598
451243.5837 -309622.444
-934085.9226 515143.4489
-181714.3799 -674933.8631
-930660.7062 -656541.8308
894061.2163 640184.2939
-334722.9669 670068.9377
-117221.2257 -881908.3538
288572.3819 -582229.0918
377701.3534 -265960.3383
-752553.6281 626468.6296
81110.95904 465774.0263
99364.64367 413638.614
441896.311 410596.3562
-235600.6226 -631285.9235
-391719.303 400469.9756
-19479.91752 -641524.3855
-531977.9293 55378.33001
-322132.5972 349222.0666
193473.8098 641866.2583
-896252.1557 -722624.6194
712122.3469 -955497.7204
-448832.5161 -801650.6164
564349.6601 594764.7221
-965544.4532 253647.7724
-376024.6284 -358761.0375
628575.6689 474110.3791
-740494.5288 -367644.0507
-791804.6776 767622.0381
232253.3423 756421.5716
-246076.7936 607590.8562
295745.5615 -873864.35
183787.8965 -337435.1443
-498605.0181 -682290.6232
429528.1435 -856037.3474
-628245.2185 -524283.6154
-614487.8426 -311206.8285
-365975.7572 960281.8275
324355.4724 857804.6943
572474.3843 302479.2779
-637681.8402 -485626.9972
-951415.2235 -32553.71633
935334.9291 770969.9155
738562.0941 -616313.2075
-548460.752 635892.2377
87426.89277 -633885.3263
787290.4068 -441049.6735
-296461.7397 386455.9229
-913683.5233 -511953.7321
141355.8809 -297808.4515
-421441.2156 -358511.6784
324899.6055 867854.5949
590029.046 -384949.3671
-354185.7393 -881633.8058
-609991.8652 31751.39098
86450.159 224728.6208
962578.333 286443.4308
-617387.3758 -656637.8822
857576.5018 -205227.2931
-608168.4891 602649.9433
648518.8524 141857.9337
-831521.8969 -781707.949
488227.9522 319391.1832
13613.1975 -648425.889
-463984.1849 -90741.43384
917829.7444 -651611.2286
31582.86001 193240.9612
486283.1495 -308219.1565
925843.8827 -800900.4881
-791183.9724 588478.6242
-239798.7679 -720325.6556
-806268.3005 -757993.235
426559.0302 159151.6717
175294.7747 990667.7497
-870735.7024 -248258.8505
-523078.4279 965761.2497
-731773.1115 283343.7001
311303.0613 -297802.1528
758681.2095 -656827.2827
-33146.12078 -807985.0449
-753860.4589 -759100.7765
-731818.7452 -156818.7536
-484325.1731 139856.0671
-625842.4528 -691243.6918
201223.9637 -805672.5155
-313406.9185 834046.9046
862588.9116 -509084.658
600064.49 173510.1774
623690.1844 32881.92648
317730.8674 -233086.8381
-611099.2114 119244.6363
403535.1416 -472033.0693
-765052.2646 -897647.0255
-905495.9489 587950.9307
-439776.0621 -553622.8909
16274.4719 -401525.0161
-779435.8679 -706672.1993
644779.7293 375178.0235
-547728.4093 -673921.7341
398002.11 -835302.2567
-745679.0905 -531760.9099
715391.3011 -262750.2018
-597826.4726 379311.4229
527247.8969 -973715.374
-528801.738 -631574.5748
753393.2401 -891405.9412
873854.144 770971.5829
-356156.3538 -648840.9211
-674573.6969 971578.6266
287994.361 876726.6781
555446.0945 -114357.5338
-736955.1037 -318333.7607
-267373.2721 450697.3942
546379.6402 732076.5785
-159113.1041 310470.3954
247858.6787 -53615.86034
539568.7525 -472508.1694
-824161.0928 132255.4376
-394530.9087 -716728.3098
439282.3902 504447.3368
-870933.3811 382220.9183
992118.4857 163654.739
-950460.3149 -67297.93247
-171636.2501 -573586.387
670208.1124 -629252.1488
634920.3998 -65654.62426
-211110.3557 -348331.4364
821657.844 21552.37768
-698548.1308 884213.0025
6354.624396 -19455.90053
-448563.1142 807226.1557
-905627.6128 804504.603
70023.11035 -387720.413
-266961.1778 920919.2991
319027.4069 167364.6035
33914.98512 -256180.4343
76982.16826 -911250.8153
-799136.2028 160550.3653
283406.7587 632422.256
268462.3928 -664142.9869
487672.1584 340050.6023
479454.9091 863058.7286
-877720.1024 -274234.7761
-648382.94 -470708.1641
128226.1303 -38496.84446
398954.9711 626761.2742
-995930.4682 -858818.6825
-999987.4687 944954.509
192350.3239 -370377.5382
607260.36 -544784.4406
-466594.9075 -595361.4853
291603.0359 173587.3149
-141703.9008 -572764.9544
906946.1154 -292737.6016
-732886.6136 -558722.3069
-726355.9852 364992.9007
439493.6125 -481002.0753
994306.5684 -606697.4061
-687768.9134 -877518.0858
238244.2211 -296251.1179
-282740.1937 -707113.7551
41777.58127 725983.7233
907182.961 720143.3524
814512.5555 900546.2594
803667.0136 -264887.8844
-966512.4411 -345001.3771
166041.085 860169.6814
744762.2537 832988.1345
709065.6759 -727537.6856
-712297.8261 255413.8498
733118.4844 221874.7386
55745.68275 -265671.0635
99894.36533 -407778.9406
155168.2054 -625730.7717
542637.8369 96963.69213
-948178.7045 527098.4788
-29948.0232 568767.4576
-941528.4151 716232.8354
460301.942 -335116.7894
-520421.8069 624007.4195
-796643.2371 -610695.2277
-535727.3361 -591814.9343
-867852.5078 962337.4124
54840.64813 -270741.1385
-446705.1915 -96448.5281
-7571.781997 865749.2257
-108462.0918 -459307.7352
-699534.8725 732684.1761
873007.2523 837204.6404
-929983.6838 -655587.2106
-431036.0729 87431.58577
-996056.4196 -936680.0699
229630.1409 -697845.1409
221461.2145 -235485.8217
-94223.83597 459904.3132
-715487.8158 -785371.5037
936883.4911 -736106.5281
-743924.8926 785331.0944
213861.4452 -922341.7893
-534264.6594 -665460.9263
-863371.1911 -30426.26834
366513.0866 -717316.6994
814771.7876 -538945.593
-502491.7303 -561695.7813
305909.2849 -548602.7024
-817294.1734 -984188.1242
723591.1652 382459.1353
-484676.6917 894342.5542
-437428.8268 -601819.0403
803754.4069 221039.6734
655646.4244 -960748.0669
780644.0644 284108.2718
731806.4782 -811596.5143
722550.0457 37257.67833
-28529.29238 -989021.1823
-667296.9781 107137.0011
950914.0838 380331.9222
379190.3751 -457704.3433
-158208.6105 -531369.3523
-156995.0609 -795520.7868
-138492.2618 -77133.24893
265114.4933 515734.4312
-154799.3959 132393.617
-134352.8825 206118.3915
-49684.98501 -537198.5916
29622.30815 957635.6191
-148947.8165 339624.6286
-606080.3915 564578.8506
-610515.8214 -709013.8427
461811.4771 -24217.51124
529534.7036 -943754.4378
313758.227 -780538.0557
556438.0966 -111973.8413
-691717.5242 187974.4612
669889.0429 204463.3069
-600873.0204 -24289.88643
400350.3395 -181858.5073
801182.3698 -650292.5972
847779.39 117813.8693
-27424.14407 65125.53627
186995.3619 -683460.7783
437081.0617 -186046.4631
-977977.2143 -882654.8455
954231.4113 -518412.6712
-276799.11 641451.831
-370792.6575 -332433.3232
291310.8181 -260757.3194
-693590.3509 -906798.1662
215710.8713 135501.0675
-166515.9054 266469.9531
392519.6279 -508592.9264
662814.6397 291719.4932
459024.0395 -330211.1648
930143.8383 183987.7136
-946391.7597 107603.8616
-419600.4939 -5004.793981
-395617.5539 -985325.371
506632.1612 -142726.9505
-988710.8811 -94487.59186
-121753.4343 345989.16
103982.0296 -185127.328
-8682.163643 -410060.6468
727063.0135 -332045.9108
732609.9825 -779702.0225
-971014.4603 740777.0346
-813196.4059 819239.468
515702.7435 698717.4618
990916.2262 -306982.5085
-537864.4976 98746.24168
-821317.8166 -602499.0855
859479.1612 -10519.48581
-274638.5105 510843.4773
361112.6223 -113830.5608
105601.7215 441859.5222
399181.8932 569376.8967
717157.4123 580189.2324
-77080.93427 9461.225718
23455.50249 -966052.1805
-132125.0953 873734.4863
557854.7385 -11355.66698
-839278.1604 890050.3866
415651.8788 18195.03535
-841938.6804 -265633.6958
-255682.7227 -651992.3478
-808047.3387 910068.4775
-221848.7039 221989.4011
-605453.096 -91786.76132
-265900.9519 524643.8463
-804906.9098 384061.7536
-559154.3229 -646230.231
622401.1849 -507703.901
135652.7751 -470516.7431
-107050.7063 -894166.5441
827515.6042 261383.2017
951575.5121 -293087.22
695775.4979 922229.5679
716548.8854 735568.1665
-986778.7614 -293150.6961
253722.5497 488146.5548
-485976.2423 -29447.02136
-714196.04 -16492.76657
-408951.8902 935992.2659
143468.5711 437787.8733
550291.2523 463164.9054
-178339.7714 626565.4596
48777.44978 174206.1885
472569.7068 -457135.7879
482678.2471 -148995.8339
689062.4576 -773083.8104
369121.4437 -424660.4154
-501671.6762 323189.3182
-961966.6613 -35601.24563
-749923.7865 -190405.7373
-35545.82001 -333152.2574
-899803.4168 -199433.9332
218637.7112 -143171.1636
-146332.1725 -801334.6475
-47959.25279 137979.7958
-837171.7639 -239097.8326
272201.2694 -612490.7915
-880691.2493 183895.6334
771380.8116 630517.3192
590894.9893 -714118.336
-568860.8933 -378738.0888
217496.4612 941042.9543
771947.7278 521465.4879
-557895.5989 -166478.32
-792497.8596 -120732.3031
563172.3604 549571.9487
-905877.539 632079.1325
123117.9482 -848451.3087
-464610.4406 157967.3135
280309.3272 831634.9675
524349.2962 19505.43643
912314.6313 559207.3339
908032.4496 108616.981
821475.491 -176284.4859
-90209.35371 466846.9223
583228.9907 242493.6713
100135.0753 368743.6016
498662.3383 194784.3174
649810.8423 -581880.784
801703.4079 -388383.4451
-346608.8247 -69419.90396
-718425.8453 640251.6475
-445970.3626 742450.6094
577407.6425 -531531.086
138427.0554 840659.5621
956912.267 629404.0471
728496.3256 821387.7894
259772.206 661244.4484
131612.2621 560183.4451
51857.96698 259452.5409
-873408.9202 -176350.0193
333789.6828 -283518.9288
19018.66586 253159.3587
899503.5317 -136130.2665
-903596.4127 427175.8735
-731331.0257 576348.7549
-95652.50971 -577159.481
-87336.08178 607177.8538
-673163.2229 985730.6327
-221913.4691 -316661.1266
-583101.2736 626660.3554
-128452.4309 -432709.3962
-272766.8649 25785.3729
-321443.7646 674635.1504
70322.62801 -230084.4237
-832906.9594 -778760.9832
-464165.156 115576.9117
799760.0702 801887.7135
-521063.1093 623705.6855
662773.6366 -136677.6657
480307.6521 -562404.0987
176364.7148 735728.5398
364382.1688 -105016.5235
-640424.4282 138906.57
-122000.0128 -69739.56227
-148474.6027 -329308.5234
830982.8564 -731090.8177
-707939.8985 905699.1462
-232565.6262 845942.7059
460005.7619 107037.0546
732369.3398 -614783.0716
731110.4042 -549615.224
836149.8189 93860.95794
-438221.791 592583.3019
-415595.133 -560256.3336
864315.1356 -930001.991
67809.72918 197677.4889
-74019.71649 116464.6201
546808.9131 -105621.3384
134201.5835 -411939.5643
-881978.5268 70050.35958
677490.5723 104158.4554
-463333.5263 766799.674
656863.477 202342.9132
765439.1915 13495.36877
-444186.4831 541234.4339
-647413.1484 -294667.7481
396771.4884 990460.2736
204681.5344 -731837.6072
-226465.2808 -566568.8647
979054.6618 -720063.9208
638313.3299 721656.9793
816418.4603 -349438.1523
-988683.7648 -649084.0163
-924571.5318 339409.0451
396445.2726 982203.3066
-393336.6471 723935.3674
-830679.0811 -66662.83512
956100.6886 -4661.271267
346073.5415 -196504.123
887978.2567 -852446.0236
-692446.3722 557350.6589
69903.77909 -524385.5571
-867068.1445 1912.489622
-911046.7027 -103534.9849
-644423.8938 225631.5773
46037.71273 336154.3442
75392.8157 411735.4392
766394.8175 810020.4698
-312654.2362 831743.4498
93626.28045 988838.8508
520198.3682 -400892.1547
703842.4083 -575680.5803
878632.411 899555.6468
-689956.8595 301868.1963
-98608.65944 450051.4439
-464123.3403 -54123.40892
664306.532 898901.604
172782.2326 176375.3795
-785847.406 369703.48
498268.7624 719321.2904
475609.4066 -448246.9132
-299264.2621 -954646.841
-25447.91615 -348093.4936
-262432.3377 148662.3579
628563.425 -180491.0577
-487063.3238 319510.6385
-860670.0128 -47383.83013
698166.1879 -282652.6377
-182960.3482 191482.6205
745952.2489 -875563.1575
-713404.4776 597287.0048
-643799.7044 212219.0507
-805727.3467 -887960.7761
781012.9182 418398.779
-829495.9025 511567.4579
895699.1763 -242324.4247
-164883.2895 -143695.4953
-906554.6486 -97979.65999
-778009.5652 539974.3701
570156.2406 42451.88353
283180.011 148014.9751
-992175.8842 225503.1587
817899.1669 720072.7597
-51094.37222 457846.928
-971061.9533 -798235.688
-540151.2785 -828174.1352
-896770.657 -629739.5436
-284870.9848 -316535.2044
-660582.7512 960734.5669
-61122.33459 -551432.7322
-358618.1298 523454.5016
530396.6299 82116.07185
-216954.8987 980416.396
-503121.2839 136397.3363
-491845.4138 265685.9183
-44452.59818 -653012.701
642875.6617 410198.8713
160742.6757 -714694.7248
-201495.4701 909068.9133
-397911.8406 -301390.615
991052.7149 207948.9827
567703.0576 350014.1227
500384.59 -506541.4533
914630.5115 -717491.2236
30229.18579 895411.082
221982.7374 -911201.4249
624825.4141 428142.6935
-29454.53919 -260247.8222
-464222.5392 713944.0292
-655996.8577 461356.5032
979877.2088 418138.8973
983243.7023 -457857.9648
-474517.0405 790109.1023
-792564.6981 -265615.6449
675136.8596 461721.5325
925851.4843 421953.1615
213569.5467 878236.2436
-452160.6096 -793492.3172
146589.3374 -402860.9842
-747484.9678 -175656.6178
-692019.9733 -131575.6785
-425395.765 -662893.5337
50062.13945 -798975.038
-610973.2858 -905934.5366
406810.4084 -653029.4824
547142.1343 494044.8775
-252495.844 -283631.791
-794693.5946 -779314.9282
-238486.8085 -577557.6413
-420785.5905 -518922.2368
26240.43428 -859509.8898
94955.49435 869733.1458
810369.1052 713950.6714
-400986.7834 646838.2594
213710.9921 -255539.6937
-557288.5987 497273.2131
662067.5232 433666.8343
-985636.5818 -827939.68
801105.9702 207882.3306
-962065.0276 -77968.60793
-3791.295656 871074.3175
581662.9167 -860490.7984
-414239.0518 787938.2467
349797.5918 -308026.4072
99414.40644 -669093.6785
546894.4426 -296997.5071
-678767.7733 259731.6892
-441701.8893 983633.6036
921381.038 32843.25484
630576.7299 708057.4476
-295687.0139 -880032.4101
-102701.161 75932.17541
159456.8722 -379902.7371
-209068.0387 -392506.0358
-166446.752 417235.9427
689011.0517 244331.9139
146457.8862 -205075.9186
906774.3626 -164365.1739
587055.2695 -589170.8143
-473066.8283 -23974.33104
982485.5561 80039.41821
493797.5999 25093.21939
-511286.3091 622345.719
-236725.2101 -598860.891
862881.3465 958793.6752
-34387.8477 104605.8458
308154.0548 -697853.0266
760556.7983 983180.1875
50914.88427 564788.8649
-804987.6775 -582216.1024
-507236.1814 -679180.4654
894989.808 878880.9547
404750.3328 -933943.5102
453815.6964 -129168.4955
-824897.5163 907969.6987
602437.9611 964298.0146
-240397.3139 816004.3397
990961.5207 110594.6006
-556832.5675 -179117.9981
991962.5318 -893896.7133
-548842.5334 749527.2998
603766.8146 -701980.1377
-28128.42244 894355.3204
-197429.0935 -249802.227
-211193.2225 -23882.66501
196081.5387 -641491.4516
609626.2851 544608.7486
-214720.3573 -264812.7053
-716767.8797 884197.1364
250837.0104 853249.2037
-825959.6844 528593.0178
238021.8923 -750124.4964
129073.2193 -332707.7293
-559561.7639 -527797.4338
599171.8599 335116.2374
516605.0691 -583063.8807
-888951.7488 -522858.9786
-10047.24983 563997.6614
-134670.5789 813233.2932
815110.5059 995847.4415
-65731.66881 598765.7809
-929958.4354 -413638.5115
496417.081 492432.6675
406621.6155 -18476.36558
24156.40956 -128868.1204
-374655.7662 -824433.0815
225578.8954 649913.9236
-587870.684 346806.7736
-269142.7408 -779694.5526
-841817.0675 406193.3502
-269929.3302 -832972.5318
859139.4261 -823841.8247
-403286.6927 -856481.0263
956438.7016 381920.5149
386533.8716 -540250.6616
-149070.8018 157473.7131
224877.5708 -308203.8891
-213158.4796 -580374.9825
442617.3538 -795184.6987
470873.3397 -96318.29114
744091.6745 -948054.1614
834688.5213 -217564.5692
78987.6499 142456.8849
70023.79345 446677.0053
114132.222 -84913.54387
-465297.6641 427150.0528
-501683.5643 426533.5994
617465.598 374290.1708
-808416.0005 969346.6862
303308.0294 -889989.8031
913661.1236 -718731.5312
-130001.6628 -76972.30302
-329169.5841 -239168.8674
708771.1826 144484.8141
-228728.8537 86796.23852
-891123.3786 -259376.1592
753722.468 -359810.8412
-896374.6587 -894702.5948
-212683.2831 575518.2037
-105357.9321 -200557.354
-378315.7461 -428640.1794
685794.0928 -938991.5395
-830817.5859 -403292.5625
978161.6418 -787124.3258
182417.6629 617913.0292
721103.1084 88142.90946
341448.4035 824240.3881
648460.7334 -826404.6386
-37186.99816 -639835.185
740645.0514 -831565.4
695048.1405 475603.3996
714286.0405 -885966.0755
471849.527 619704.4834
113548.8695 -733632.0142
168436.5539 -503930.599
512906.8189 -751927.3134
951521.1886 508547.9991
571385.3078 -856447.4683
358679.027 -537672.2905
-100744.2092 524435.1713
-570831.9302 417743.1622
-301405.1582 -934070.9972
564329.0129 472314.0312
-595093.675 41244.35752
120158.8644 -772381.2624
745470.9201 -384126.1885
-587666.6234 310175.7191
-442931.7754 639101.3981
538950.1003 -211719.0442
294972.8003 -780985.6296
-40938.01282 644526.8803
934669.7421 -65561.2583
-884587.6514 -996880.7848
138516.6257 397284.476
-772911.9954 -133187.373
-285484.6204 869307.7995
-962227.7787 675848.6266
-976799.3325 -678302.4685
-710070.8627 364220.5072
447224.9659 -372123.7645
954025.7922 -870296.3201
336348.2452 147300.0535
-590631.9006 933663.4614
720395.0037 -60170.26745
770239.8027 -148694.3056
-910056.7745 29540.31794
573126.0994 -512276.1063
-680148.9043 967761.7371
-552381.0354 -328811.3147
41197.14571 29970.18185
525343.5475 -650594.1408
237689.4005 638385.5208
761877.2378 429070.2887
455299.9191 50642.89706
921187.8991 -843242.5811
-15440.10425 758017.6364
416615.2486 25061.38063
-276012.8101 878225.5844
647868.7938 704987.9558
170814.2879 383769.9008
132126.9475 383586.7478
-47629.94598 -969001.1206
-636878.1385 -681710.3337
-177323.7925 -490339.3575
-10692.23236 889018.4439
154103.5711 633842.1182
84423.36607 -787391.2396
-488519.2717 -885804.7013
629254.9654 905622.2908
-18347.5028 476269.2682
122139.0562 200976.8068
-591334.1112 -209327.3997
742556.289 552275.5814
281308.4133 49927.46983
472693.9588 -229125.5467
97379.38004 730692.091
161464.4314 -667659.9191
239680.3359 451591.6278
-599084.0552 430216.0382
552270.4174 -472762.0948
-380035.5613 215317.5809
-838835.6165 353163.3967
403125.8567 756758.6814
957195.9953 866795.2541
-828822.4537 -908464.1332
-110510.4935 912126.987
-434053.989 -583727.9518
-560942.532 779707.366
235595.6147 -189163.3448
-849099.6659 474521.8796
150585.2819 -915264.3541
-310520.0345 87000.83581
866853.0849 849087.0464
851419.4411 430839.5924
-878685.138 -923307.0979
-264480.8328 949463.8749
246717.6594 273341.1771
948314.086 -545951.6159
-617197.8722 -564526.2913
-719336.4596 549404.0419
-538450.6258 -515189.5619
257630.1381 -530330.2529
-159642.9919 41359.79524
337839.5554 595322.5616
727761.6533 179185.4682
-218762.8922 -371188.6352
-16732.01732 -682970.8151
919311.8439 -21038.1924
-749633.0329 426057.3987
-396974.4011 -844719.2342
83032.55959 828476.769
-431639.5231 267776.8567
297983.9836 -146242.6414
-556959.5136 778305.1411
544898.3531 -233518.359
-574766.8738 380393.287
428911.8811 456680.53
283365.7055 261019.5549
-327167.9779 -106009.6714
-225766.9527 -185655.5416
732093.3985 985794.6277
753235.4709 -946331.1514
539957.4233 -353029.8661
846850.9257 -79528.84125
903238.7036 -336044.962
-375109.1387 669652.8512
-129363.0937 -203486.9686
-64860.84738 -3610.175626
756848.1778 -532225.1943
-247050.1143 -624883.6855
-540799.7773 386546.1669
583507.4712 49012.50457
-444170.4807 968861.7623
-676979.4676 456729.603
261631.3853 646522.1753
467724.0215 -626687.2209
-549621.1251 -10701.53178
79389.22443 910969.0604
18891.14626 -843972.4954
-604523.1786 766530.5316
709148.0659 516394.0623
-827156.347 -857830.7492
-374796.5709 -694660.6588
-566711.5894 646988.781
-985498.4586 -352296.2299
685936.8399 -556187.4041
532523.0203 659439.5686
241658.7568 -418645.2489
-806390.3948 560106.7809
196569.2291 -63666.80813
561990.7687 252123.6478
234173.5684 -917350.709
205029.8664 532129.4311
-499081.528 -774746.3726
-415868.5948 -915570.1363
-177557.7019 -25928.27997
689640.5083 186378.8628
-455014.8553 -562875.2949
930071.6792 -911662.9526
629165.383 192090.4609
703873.5919 -16159.78453
843366.7967 -279572.7062
164672.944 946337.77
-861836.7573 -393994.9752
-560976.4578 -537385.5934
821584.1999 -679642.464
-216911.8245 488895.2153
-448618.1005 299051.0574
-147805.6606 -772053.7636
-991203.5684 -663644.6898
970159.5507 507819.7743
-798602.3825 -865255.9541
-964860.1577 874853.1893
413938.7279 -769023.3008
-165880.3012 770395.9684
890088.54 -167214.399
-941895.9493 -639966.0747
-163921.8066 872053.2943
-790963.3322 -176743.3812
-634290.7999 521340.3206
873878.2475 -570038.5519
291972.2679 -883438.207
720900.8413 545258.3154
318245.3428 398311.8006
896853.5099 359157.1279
-849056.6678 410803.4436
986466.8303 -661917.1914
699706.1528 -240373.7798
735817.0955 -831371.0689
307871.6224 -734042.0429
-800157.1482 295406.846
380569.3456 498928.6262
-184141.5893 810451.0027
790902.5624 232315.1222
-125225.4745 866925.4911
-77158.99625 -722267.5193
832640.1205 -846129.8489
344468.5334 826044.7579
636074.0101 389179.7309
-720288.4795 381510.3219
-883361.2579 814240.3467
644958.1381 447949.3144
77315.42263 -840863.8533
-163024.1311 53919.55337
-751048.6945 -919054.5239
750463.8014 -856667.1254
668634.0144 -391401.9009
661472.9678 -751158.7847
-556776.1785 520874.9875
-311662.0664 187730.8736
-747088.6481 320454.1501
-151241.2445 -157683.7037
546483.6927 -886087.2546
130165.4544 -821426.2207
-73427.66172 943367.91
-833259.9203 734733.4129
-256559.9637 307360.6908
-362872.9116 19394.06816
334902.3115 -206343.4779
629030.2231 822930.7545
-331517.7172 204171.7421
-356163.1014 -631391.1156
-514985.2679 252968.7323
-461753.0612 -823335.5057
212214.8302 935760.9244
-92756.5302 134948.0396
-811394.9162 -885904.7098
521571.0339 -465910.6451
555123.1855 58756.89307
-1736.364084 185580.5163
425632.127 -860449.6061
-581499.9071 978608.1955
-520579.8264 64827.76522
-967010.6682 903179.4529
795791.7016 982104.9226
302784.4652 -875937.4189
-527566.4795 -604042.7745
-958953.6903 -295751.7881
-49438.70092 746648.0236
415195.566 719611.0555
-31113.89771 -65255.43614
557775.3733 -522740.0593
-415862.4008 800087.7449
786497.1439 569168.257
948104.2907 -528719.3327
821566.3929 -684661.0589
-997956.5768 -510389.9719
-235391.1454 -357289.7203
-629873.5399 -809560.3338
-726596.705 957714.5963
922996.841 319299.1095
-690160.7746 -621710.8489
-825978.4653 -653478.3731
-39098.84397 187972.5197
157312.4857 -366586.8145
339319.9921 -890159.2269
730974.2661 -148130.0312
635481.4706 499901.1962
746342.8892 -614316.5838
130365.3123 144942.5213
893992.8277 474466.4353
472302.2284 -551871.9517
-904999.3745 380622.193
722504.9937 19330.40292
488507.3783 -852380.0524
529075.4466 438840.5178
455749.2526 -402217.3891
944885.5849 758176.1019
988995.9449 -417744.8059
-26986.98737 -100894.6927
509743.2492 -864764.5765
-870828.9968 418962.2429
-159709.027 930698.789
79931.75528 431027.7474
279991.9908 -751002.109
384346.8957 -973038.3136
258251.5104 -347361.0455
155293.8117 114167.39
-88077.39539 -290034.5418
662819.9228 719463.7658
303420.8425 -19283.08673
-670778.5746 -790414.9426
351765.7235 362769.9063
-441206.9138 -661384.0422
-3590.668034 -862130.9293
-760898.6573 391183.5418
375835.363 -386003.0235
-222795.1628 878361.6872
249511.702 48246.27686
-876124.1109 -394513.2609
302366.7405 361982.025
619690.7992 744106.4946
-626408.7167 -166212.8835
377499.5088 -372533.2986
-321436.902 -984518.7726
738666.6516 352485.3077
917560.8126 855753.6016
-344506.362 -429802.3563
461809.0569 242359.7207
466148.9647 906395.0299
-425040.0551 685788.845
630136.0877 182195.6374
-73322.48007 172802.5354
-776061.5788 359904.4571
990227.3854 999924.2219
-670415.6905 -970568.4309
895772.0848 629165.1509
686271.9659 296107.8937
942165.4248 768737.7965
243365.1153 -504680.3457
-270573.2732 -652533.0375
-227691.7075 151589.2579
-550196.3488 -535790.1748
909826.2991 131444.9509
-704020.8193 -23241.8643
661723.2308 391549.7267
535524.2336 -929861.5895
26312.77538 -201046.2718
310250.0656 617247.5874
-198135.968 -875279.1299
-28753.28244 -506647.0789
198145.9969 -326915.4194
-482005.615 11683.84121
-167603.5202 -126877.5995
632994.4701 533288.4792
-209032.8133 -84984.15741
881432.73 -196155.083
89383.27171 23138.25363
-82660.66121 -963202.9581
607599.3942 172628.9546
934954.5987 -980571.5928
-673986.6477 30334.95292
-663692.3852 343746.7744
-273292.3535 525697.1497
-905016.4751 49965.99932
172360.5008 -599909.9367
-781625.4614 -644904.7919
521060.3667 881797.7282
805249.5993 904988.5658
364239.4281 -909367.2014
-499963.4511 -296315.3256
760879.4739 778096.1127
-926670.0816 143363.0515
-288080.9447 -486902.8655
-126375.4129 -280911.5665
-653040.5244 -739965.8934
64816.44442 -650640.4285
-881527.6064 -102027.9345
-219162.1476 -81515.85638
112057.6091 -975573.4026
384257.2483 -101860.4827
769454.1358 505923.8161
-164538.8102 776612.4462
-50362.42985 25535.15351
900399.8106 695447.1401
103222.7192 -754775.8797
-582997.5957 989039.2788
488819.7979 -45710.19183
240984.9992 -339704.9855
-343868.3223 16755.64779
-300432.072 -259717.2562
-676092.4018 418555.233
-500359.9847 700191.3622
-758959.9399 82978.4271
-176319.2977 407824.6404
700284.5894 -367622.5255
-326009.9712 328620.3316
-160399.4557 -43176.47355
867730.9682 -851193.9313
426126.8041 -952727.2391
40143.69221 -488163.6115
256796.5579 -324885.3347
239200.8412 -798086.12
608173.5784 842298.8859
-519877.1923 644130.2601
-534852.1667 -894325.2098
-306113.994 -515367.3398
550099.5695 774204.8046
915955.7879 -857057.891
892184.6422 929292.6908
-5162.857654 417575.1298
813894.5339 -999575.0468
17779.26701 854690.966
-787822.3387 721049.1241
912363.4731 -968345.4823
885769.3718 -138165.8111
226168.9414 22799.16325
-584608.6345 597231.706
717707.1423 -325547.3865
915059.4479 -788547.7567
260848.3613 -353449.7794
-405909.4806 494808.1336
705293.8578 -25398.70384
828433.0525 800809.5967
193391.8831 409571.5024
34137.76063 473969.5618
-30704.59843 915162.0347
-487668.6646 719511.6245
-768864.9556 206675.4778
-921444.5191 209725.9158
348838.9387 -100174.4374
742024.6577 -194313.828
-814804.6315 915672.2792
991386.9056 932365.689
7880.558859 789266.204
-658260.5248 544088.4012
462372.5202 649071.0198
-32019.96727 -347290.7645
890582.6834 -738721.668
983996.7309 -596047.0401
-7781.519917 -806332.763
202918.5311 571496.6034
-798930.099 -425190.7409
-416303.1317 -717953.8138
-134663.3881 19757.79969
-709552.3329 163602.72
963226.2125 126464.8997
-102340.9617 -551107.7466
126802.5622 -632175.8605
584453.3766 -874252.0948
-175492.0031 705315.3659
-558039.9474 960726.3328
87707.71888 -403065.4029
5049.216882 837530.8362
-709389.396 -238174.8344
478986.7555 821597.8439
-622449.8691 231953.5333
-6945.371894 287586.1408
800902.1236 751895.9312
190784.6911 -775538.8478
893211.2969 -552281.1561
948291.9372 990693.1431
147927.3214 860735.1999
-240729.5839 816501.5125
-58771.66529 -903054.6903
-402365.6554 -686859.2002
556171.6752 384069.0802
-943595.6794 -245054.547
-273761.13 749751.3059
593677.5083 26681.37429
-149463.667 -591324.6089
-49222.55012 -42851.68106
633431.7923 -805279.1723
-606837.9621 -316817.6221
-750638.1242 -840475.4226
-180120.085 144163.2351
-383691.4901 726791.7515
960227.0509 -728739.3845
925486.2754 -34531.76116
88104.62374 -432417.1511
-472306.0949 262079.2107
274303.8825 -617705.4616
-15113.86819 290861.7042
277938.9704 -234425.7683
840519.0989 -364578.8148
486310.3938 -558386.0533
710462.1956 -374745.1766
867941.1264 -268951.4626
734465.4399 -44427.13546
-166757.0332 -367910.7653
-901492.7094 483461.0357
292855.3201 -514270.7946
-687927.4453 -391340.2743
635431.4112 -75399.77108
939860.8551 835234.7747
815572.5349 789243.0909
595162.7786 -96559.48742
642118.3112 -122286.0223
-579217.0947 940498.0149
938448.7643 121882.3352
892222.3268 -243664.0365
715413.1798 -91312.08306
619971.819 -42278.13856
307105.2381 637307.5106
-269976.4978 -295533.5523
187276.9 800175.0038
-610458.2845 100089.1278
-727888.0618 572845.1882
-946049.0481 -289531.9889
-599309.0572 949438.7183
312326.5891 -924085.5927
335150.2701 -175686.2758
-596822.388 -475778.147
-373891.3742 -914440.3109
-409866.1248 533455.2105
-577837.0008 -570648.4392
93934.24741 31178.48645
619546.4694 -867177.3272
599802.1381 309821.4709
973965.0405 -696858.5751
651706.1238 -471888.3171
282543.1919 330461.9074
-566589.1161 400648.315
585698.7284 103299.9209
895120.3762 -977626.0074
232540.6123 -529770.6042
689507.8386 281310.1458
-629500.6379 651184.7145
299047.594 -525873.8696
-211735.01 390368.5236
-59408.75606 724399.5424
-911155.6671 54039.5143
-775293.9809 -223969.1959
-297709.4743 198504.1908
644328.9148 537872.0133
921154.3896 -565552.9398
603766.4213 17051.09353
-46140.02933 -345116.3132
-516979.5642 -999992.1936
362556.0081 728111.8286
69717.9765 845843.0145
61093.34398 -465105.9085
636005.1042 -46558.54299
67790.01589 -323045.7643
-568704.5639 698270.6069
-512114.9906 605321.9033
-838493.5423 12333.3663
790036.8226 175035.2967
978207.4619 268153.3863
438098.6666 -236070.6601
-348486.4828 -282.3043675
-126372.8542 650772.0688
88084.52669 659722.1665
-894699.6475 421515.6634
-169146.7208 -93708.47607
-986899.578 227715.5596
-523004.9895 -472746.2689
63232.27271 -101298.8689
708070.93 249430.8837
875887.3022 -358420.2177
-75055.61929 -742434.0574
801734.119 791820.1738
546891.7909 726836.8062
-232618.9454 -493875.2631
102600.2628 842284.1165
-635441.5175 -820754.0887
517675.8792 874585.1616
-895387.4454 636143.4094
-8102.14102 -256527.4004
744885.5429 -959147.5053
-164706.0084 -655447.0875
867869.6643 -584071.0652
450619.9394 -396997.79
538333.4876 -78493.42813
-615615.7458 909091.049
382385.3325 91280.49851
-565065.9939 721130.0355
129204.5001 -673323.2554
-79769.37746 -678151.0734
855610.2445 695111.4594
457883.9553 124624.4632
308354.0742 -219409.5864
420922.9333 274157.1823
243669.0681 681925.496
264637.6475 -547004.3581
-145591.3823 -15671.7021
176009.0561 -143797.1429
235822.7319 999323.2984
-502956.3785 -123611.9477
196672.9014 720258.6578
-324538.5868 11612.61578
601548.8298 -499155.8184
-50391.15642 -540615.3989
773761.4533 -896757.4398
938839.1129 40473.53014
621009.5326 235540.8393
-716107.0489 -946817.5576
743352.4799 651669.4957
-971228.0819 -219533.6432
-561216.2882 -707488.5446
-673160.5991 332704.6073
730230.0521 -262686.9811
-501557.0042 555821.8781
-697779.4565 415705.5375
-882477.2276 -587237.1411
401406.8908 -674357.986
10406.91374 -459493.9477
654364.5568 -868570.6932
-716013.4886 -374423.8325
727858.5385 -68613.46495
527685.1015 277118.7883
576259.6054 -479041.3672
689684.3031 -947721.8498
672592.2814 110680.4896
798963.711 -914185.5094
700125.6299 -370058.6533
-52343.6231 -17142.99841
-777879.0587 -679520.6266
-143870.8939 -455987.8064
908729.5267 -820968.6492
640259.8816 -594800.4151
594083.2791 213740.2958
-845607.4206 -621786.9196
-839049.5335 260970.6128
788222.5992 847824.9108
725831.5924 -225127.8359
639344.2259 -713742.4596
-844725.1872 503948.9375
-554809.7409 394122.4586
-338763.588 -815997.7245
-365143.1586 -526820.4971
-908966.4561 131285.8287
-744682.7963 -277121.6898
-319755.3136 171419.2197
756666.5008 262806.3256
321280.2162 886488.7834
-252356.5182 -177419.3555
-675222.098 -190765.5633
84800.19261 -463092.1458
957737.1421 -543452.42
324086.3149 437804.487
-707578.9525 -734728.5947
-590408.3311 -195795.5474
152533.0341 872696.0851
-132815.116 -873038.3632
-876830.4847 514669.878
-7651.369534 -520697.9004
-919809.3928 788238.5595
-826024.271 500453.1364
382024.3733 48650.17057
950573.0172 -367988.9298
-571534.8455 389616.6291
241756.6598 612085.1233
-368054.2812 -584722.857
-569897.5081 -490452.625
737719.8243 830929.3843
521621.1264 -419888.9318
-615585.2812 374266.9512
191316.0289 839168.4546
122440.9654 199768.2756
-612902.0707 -896708.3273
-33721.00463 952587.233
-191526.8168 739499.5072
-525757.9616 859111.7059
994705.5895 -928339.8319
941075.2357 -502427.0356
-16789.05139 568737.41
-548846.1402 -142179.6576
-100155.0643 -759837.4345
-514225.2849 763183.3628
403352.869 -45370.37292
731109.2037 345966.9433
436109.72 -382921.3959
-551461.8772 954297.5661
528997.6769 312842.7279
-702783.2831 -775926.0434
-251478.594 -302374.9768
-739303.1253 -305923.997
743724.1072 225026.1834
-812344.7265 -775455.9022
930186.5109 43817.57636
834397.4422 -910479.4055
-614676.1154 -617406.569
-118113.9909 -866260.8554
-827050.9913 -696338.9342
300250.8461 383327.6993
-782249.5662 -954690.3987
-70150.82735 -481433.6128
295278.5334 -856953.5045
-544922.8813 -387934.2947
-362282.0628 163426.067
-949008.2032 -470281.3169
-21348.01311 687630.5219
899184.2418 611749.1856
-622252.1004 -880195.3359
-544016.6916 -432225.2009
719344.3999 432959.3759
-559499.8157 207234.8287
-256478.0994 913591.8357
-752380.5051 -517731.0804
109857.1959 674148.7117
-933927.4869 669105.7029
21870.99061 -439295.9663
642877.1378 -615012.7153
81660.87263 -614074.0643
-200342.998 -114450.9541
151987.6149 -707800.243
140665.5867 611199.272
457595.9911 -580487.6943
-15927.12351 -142316.5048
-162259.0019 56693.16651
198014.9896 -642080.4654
724479.5705 910039.0417
748411.6142 -887450.0078
108542.3603 154001.1249
57375.04522 138099.9431
-246301.7928 -83959.73535
807702.5262 -11432.72965
972162.0282 879718.3744
859906.4435 696200.4978
830712.0724 -481047.2215
405746.0878 -736987.3845
-780883.4217 -811818.4697
-238017.2423 286476.8939
-48855.83105 859142.402
-297375.5896 371056.2986
292719.6109 901979.4904
-930474.4244 -542848.6152
375535.6092 635164.6101
-651116.3987 -653224.686
169428.0946 -723957.1693
494513.7941 984786.4435
-187286.1972 916346.9305
-798075.7 160796.6461
514951.0692 -651205.5423
278764.3386 22773.19703
605248.9276 -651424.61
-884440.8855 820110.6022
569795.9949 -484287.0093
450821.1289 504369.4661
327831.0143 -762040.377
885307.212 974782.2836
225937.2923 971633.888
403464.4636 722482.5609
-682075.6055 -522947.9026
-992222.2216 900205.0322
543271.4642 91441.25131
120930.0617 -832228.1438
-94246.43426 931045.7254
993609.9402 -874684.0065
-367826.1296 617653.4641
-20461.34981 -999192.8045
-136521.1097 -515318.6165
-388051.4357 254808.2189
-946460.3319 115997.4756
-320727.2776 503134.9042
-656094.1488 8204.174248
290514.1783 837420.9969
420218.9708 286007.3271
824034.0583 -430087.6224
-113358.5999 -663057.1119
-807232.369 -334617.3702
968135.0109 138594.5271
-383061.4781 -275042.2571
-12988.17418 350729.7148
-486744.4678 -758511.7869
313362.9865 -372055.9064
-833334.8333 -538471.9073
-55183.28082 -970699.0274
596936.181 365066.6924
706629.5073 -29196.6939
580727.2352 369525.8498
356679.2469 957298.0356
742311.0659 -825414.0684
-381964.0588 -485103.1386
166414.5003 -724442.7379
-797148.0695 642423.0033
-316748.1862 -624896.9435
315296.2108 -300009.9586
377554.3373 -587206.1703
979696.2933 145916.2426
985889.5956 832824.9643
-921126.4195 -485664.4531
675057.6933 -14565.11083
734223.442 -391396.1051
-219215.8027 -391616.8651
609256.8619 -328858.87
876120.8139 843897.6322
-462601.023 969060.3996
-339615.6601 -239195.5477
119661.7312 -673473.8728
285731.2926 -146021.4485
944710.7961 -739830.1655
-89922.31428 -62088.17216
28348.1877 -687543.4583
457989.3101 286116.2783
983401.4912 858578.7717
205384.9565 672478.0026
-840983.3016 552788.1131
-126020.6581 -847770.4584
776962.7171 936954.4365
-427931.7644 438274.1729
93204.92356 -31064.79839
-720873.6206 627685.3823
533866.3746 -920115.8053
819035.7453 48767.98886
-147497.7283 536489.5496
-831965.2294 667090.3496
630130.2323 226047.5252
859918.7145 979993.6468
-821011.4808 -468569.1039
-151234.9977 290206.449
879353.3138 232438.1502
421477.5266 -850920.0704
-622212.7423 693658.5255
565133.4787 -1796.750727
365214.1101 676524.2948
512267.3681 242016.6094
3862.588006 -435709.598
753534.5636 -488082.3713
602391.5918 694430.2948
296766.0124 -701851.8395
-999814.7939 -738597.3951
999669.6503 -800740.1019
506110.603 536116.7538
-565170.1566 -703624.1345
-401505.1926 784205.3876
29443.78238 -262658.2844
-353824.8931 -671148.2085
881037.1993 132747.264
501928.0217 966107.9193
942290.2559 629756.4867
418830.3622 760235.371
-290463.5157 210853.4042
-203165.9631 35546.79661
299431.7818 -852219.808
-424193.1509 39538.27902
-871133.1525 -118119.2288
-666377.466 -641035.1303
12814.8753 -927813.9237
-911751.6356 -216435.3306
109066.1677 802674.1518
913971.5123 320106.449
950032.4404 44511.43103
-336682.1388 -950607.9254
-230761.435 323045.3354
-446060.5283 -656391.977
-930336.432 839138.5789
921029.2763 124604.3309
-596378.508 500786.8356
-60538.77547 236988.0974
-268994.0382 234495.5096
-425988.8971 394836.9903
-968974.0357 127031.4212
244562.8617 -635210.2058
997052.5722 -533092.731
222883.4041 -993659.71
115887.2642 -158273.8494
-975488.2106 959522.4652
-977525.3517 914674.4877
-551854.5588 31387.77336
963049.534 848114.3483
-383494.565 -731829.2325
-650883.3143 -202596.3528
741061.5866 -16995.76155
155353.9297 -94307.75147
561254.1861 -221161.212
-544502.9434 -558284.4818
-4112.440206 -690669.7701
683581.3822 -939178.7108
-181686.1556 93481.0711
771135.4381 897659.8882
242280.0392 245993.0589
530420.8167 154832.2281
70897.20546 -279445.7236
-269727.1435 85412.50316
-5480.204468 -58893.28533
583589.2308 -809220.8943
428692.375 -615121.1258
-967721.162 -33986.89886
349406.3329 748544.3666
168269.4229 -994548.6397
-523242.0906 168589.2992
258260.5458 11880.08469
-197546.346 798218.9005
602888.7173 490918.2949
-581896.4705 -443303.5598
605972.3178 -643677.8455
335998.2359 -652704.3
541509.4225 888770.1882
202337.5337 -759089.4391
-312828.6114 139293.0548
296025.1703 -219747.0573
-592597.8774 -980249.3252
-106173.1345 -724765.5778
-893365.4213 175161.5305
-968955.9606 -102184.0137
-791916.3974 484566.3059
-190097.4676 506356.1085
-111218.4063 957382.5252
958591.7628 654522.1225
-427196.6896 729125.4497
845454.0042 182105.2716
-33413.96638 -554498.2654
442157.9654 -769321.5763
356226.8995 97593.45758
334959.5721 469313.3345
-998847.6789 -641763.2261
947256.7126 -349185.9982
197444.6069 562752.005
598988.3842 868134.3719
860825.6473 870012.6161
266225.5316 -740174.4155
-293638.4891 737584.5161
-367246.9524 -364512.1344
171421.3421 305904.8572
790107.633 337251.4988
-848131.7314 77863.18036
-677595.47 904457.6867
182715.6584 -826867.0569
203826.4648 -732239.9201
386090.5492 65454.55202
-999565.3559 -680849.4739
-636063.7077 -247154.8514
-104192.8461 -128471.9987
86357.25265 331389.4482
922857.4943 425423.9957
-990238.0756 -844464.4127
980686.9915 105568.7105
-271941.9474 691329.8396
552658.0984 -2621.382699
200795.9873 496303.1694
-807454.0669 -423250.0273
-690472.6885 -578342.7865
-443844.7496 -85256.51734
7601.249082 845484.4749
-511189.7923 196618.5765
-741181.7005 633770.961
-204982.7919 885949.5388
358217.9332 -203189.3483
207826.2476 889806.5871
-982557.2045 989725.7225
-237695.8696 38661.59456
-329509.9185 -210086.758
756053.346 -804353.3068
-653428.6677 567483.1336
-579645.7084 298779.519
-988978.8569 -671581.4928
652228.0513 -972803.812
-890093.0494 355274.0207
-625981.5987 239205.6727
38003.65394 -438057.5843
762816.2262 -619574.9666
-982381.4585 929424.4107
-174106.3765 -136907.9479
-638987.2121 105156.0621
727868.257 -874974.9174
555938.3437 -44662.54517
482900.6471 561696.9188
909369.3612 572224.8591
-484372.8145 771826.716
-203539.2771 32321.45411
909770.5996 633529.5712
-763600.4467 -169436.9396
295209.1777 -95119.54785
104428.4406 -169146.0005
-473212.4306 -996495.3597
-823464.0047 359576.7234
431856.6477 119776.2338
-583671.7734 683970.2132
166223.138 347670.9805
765738.517 240638.2194
943313.6467 -931712.243
234860.3737 429457.2236
201904.0255 -126036.8963
429556.9898 -353137.4541
-169872.8243 -440608.9619
-303007.2837 44310.91363
439441.1094 633384.7828
191932.1989 -254955.8979
-684595.8156 498464.5862
42293.55919 -301713.0889
20461.266 -677609.062
-420502.6368 -897334.9231
192402.3991 -499529.4885
-548486.6405 -338977.3705
974692.4777 111191.5777
624491.3959 372707.6005
230916.7709 315399.038
-125632.1838 -500314.3267
-19681.20123 -113524.8458
-968802.1042 509169.6407
-953728.3626 -524434.148
-572185.3079 777946.5419
-864221.6659 -279010.7608
21270.47335 166039.0305
515448.3936 -819619.7941
785058.0556 -442065.1474
-592594.5761 -377331.3898
-276737.7977 -304134.5108
257477.1754 -852206.2494
-306877.998 -985920.3746
782454.3492 -935293.4575
-278633.4609 -275113.256
683529.2143 882415.6108
-755965.5391 95836.73518
-443095.3195 -747472.3633
26117.26536 -867549.3327
217761.4777 -272969.0073
-264971.9991 573588.5309
929768.4995 254459.5246
-546826.5449 -441188.9149
-462796.7323 -258691.5632
348339.0249 718137.7378
140997.4466 857448.5334
-104786.9167 -250922.3719
428655.1208 -164323.7308
-812875.5653 355270.109
456597.9992 -421902.4842
780838.4977 -901679.2789
-657509.6775 282899.6623
611890.1115 -552199.605
-838870.5512 388296.8961
470228.9598 438600.3479
526136.5332 205741.7734
554945.0088 -508195.9027
-219014.4969 -605802.5747
-938712.6316 -272609.2369
93222.98758 582812.8517
-764956.0465 492441.4211
-946036.8699 -313296.4688
18941.00544 -829920.4299
-17597.87067 -835470.9476
112112.5908 -45851.76185
122633.7136 847187.6475
-315695.7882 -434466.659
365343.998 774846.6446
710865.04 965777.4765
-902931.8984 -676859.0314
601028.2227 779851.2746
936718.9556 -35093.4582
735761.5403 184352.2989
-487467.3726 559192.2706
-76338.4061 -305850.4782
-70283.85045 -92145.74212
463992.7527 386043.2683
244597.6481 -499360.3346
-920792.4835 156044.3507
774962.9017 435052.8627
-442286.5156 447526.7736
688354.3134 29428.80906
271301.7604 209833.2407
915174.5995 664931.015
17371.18258 -812099.4515
-665533.9819 962273.7576
-897722.9464 -826474.8103
270442.1314 454485.0063
-657061.1018 -313479.7201
-46826.9753 583663.7361
973806.4364 -467500.1368
416772.9973 29248.33622
959977.8422 -69895.53887
217084.5385 -860197.3384
699848.7725 101076.4044
429021.5544 236544.0084
-437563.684 -471416.4539
-109051.1513 764842.3126
718182.4926 237815.8867
-278372.3039 62611.07629
-562984.1582 -237116.0069
943195.721 -87332.77064
-159148.4487 329274.7526
-214454.5751 506223.4652
-650170.9876 467304.1303
434366.2056 39922.1822
301394.5662 975541.8927
979770.2566 -917966.2493
-861756.2125 -565855.4275
-764957.9229 395155.2041
693931.4789 -718817.3707
194132.0264 357708.9293
734422.696 -161076.3734
-579666.55 930457.8073
748416.5145 -846843.1654
25230.45808 42559.66895
-928074.0673 976751.0327
-947234.8935 -316212.7658
313136.7979 988882.5854
286185.1983 -897802.1689
912703.9702 -959201.7415
-633966.6189 -553612.4749
253519.6584 684625.8488
899643.92 139314.7118
-144523.8673 680588.4397
761239.8701 -339997.2131
591031.2812 291866.5591
986350.9901 -528246.8379
-941711.6526 596598.4998
-366609.936 -774936.8931
213490.5099 969454.7044
860948.0235 -736187.7842
438195.2783 171910.9798
711683.9391 -99976.44365
-705834.7504 -744721.2969
441630.2095 -595362.4806
-936188.0148 -420394.7384
-276444.2699 14470.38112
533534.5935 -804941.0831
-648058.9215 942264.3431
814921.8966 -543710.9143
119434.5854 245772.1964
420580.0893 -685438.8005
166740.1647 -456926.9333
759113.9148 -61026.58375
511640.8422 198808.2335
-650734.3449 51208.52693
-495234.7834 -783697.5418
-233072.7266 -489967.3207
-947157.5561 -257282.3727
-155653.0918 168466.3264
-503907.8782 767741.4768
622609.7595 846058.8813
-966457.1291 -23450.15495
-453988.784 -729759.8965
-346438.6942 -475446.2226
24572.65101 -183105.0116
136066.9117 661368.3827
387775.4134 458194.343
-836537.5566 -611611.8235
-97925.85231 413410.3786
-437281.8757 -695863.5486
860486.0182 47305.97384
709807.4274 -184804.4356
-917156.964 343315.8645
340618.0291 535818.8836
394812.728 -350811.8708
-462142.0549 33036.7963
-844688.4795 -372211.7378
835089.7855 946780.7022
566867.1423 -975010.7097
-772533.0412 792652.3837
-642725.8449 979304.8541
428900.7918 15793.68839
-10875.91964 -33043.66295
-811535.4804 -882633.6061
392748.621 514104.3584
451689.3152 -338811.8055
972191.2036 248296.6963
-874728.0257 -634939.3026
420682.7406 -232344.9445
-80878.36587 -655974.3963
-944970.2007 -489659.5963
-304467.7541 -656002.8715
-480715.1544 -945226.7151
341288.2831 766560.6311
-951301.9367 743621.3298
256729.529 -400261.8142
304611.2528 -659202.9309
105368.685 -591914.4206
609861.8581 196252.4947
300518.3972 997958.8137
154848.6352 673324.6422
-200697.5323 538243.9415
-795153.3591 964015.3753
-942439.8433 697331.5556
647391.0773 -333414.6612
504275.6043 782026.1484
965468.3417 157955.8039
929262.0046 -82325.9163
291181.6388 -158566.1152
-826687.2343 -374677.442
354604.4317 979238.1231
537708.724 -382711.4704
261886.52 -62429.7604
-42295.38438 673583.5678
71021.59414 357598.6556
-729187.4878 901182.8356
-304580.9052 976856.2214
123728.7667 162087.4223
-996263.55 -260224.0312
64449.27191 66484.26146
406751.0177 -982529.2615
309316.6176 439420.5932
-658485.2296 984419.9167
841212.8593 -106291.6
-201144.7753 -404227.0111
520241.2923 489343.3059
155702.8478 644196.7716
-729496.1025 -978682.3204
72387.62008 -910127.6035
605812.5895 53460.01452
919646.6465 -719043.443
439517.5525 139761.9416
-885110.9835 522990.0945
-894945.2792 -446351.9758
472764.9792 -874904.6805
663599.5534 -927964.2681
534892.8858 -915328.3997
508249.9078 -817543.3876
96202.26395 511387.8459
929283.3236 -19309.14567
211521.3577 230902.3573
957780.4318 -264515.4791
274950.4465 -240397.7096
-728040.0064 55649.64886
433204.5946 -234112.4716
-798693.7563 526879.0184
-211046.4406 265393.5191
221465.3929 -78450.60108
914759.7814 961724.0491
58751.92714 -720709.1232
-859426.3167 -555130.8759
-273790.2895 -146542.2199
-77583.53841 802433.5097
-658033.9613 939531.5774
97558.55515 -948412.9116
807325.1446 -865699.7141
-267751.374 -24065.63663
-683937.9803 879472.1318
-585539.2399 -410860.8863
775063.4063 498943.3784
932986.7869 846630.3383
-582074.5643 666545.51
945717.9315 -22407.39593
-832697.4871 179857.3398
711179.2896 715954.7402
-696003.8866 -945802.2651
-260252.0602 541905.3584
997743.5259 815407.5573
792433.0016 -725475.8533
-270846.9213 377037.9022
-729617.3142 -528011.5626
525747.6828 -424247.1781
762282.3325 -376739.1751
-200835.3869 91442.03819
419792.0238 286494.8069
-53221.54052 212417.2323
624604.08 938984.7892
59040.6622 -189019.7997
989473.3467 -35811.39771
509362.7796 -77642.52568
121582.6852 -622145.4967
65644.27946 230684.5434
-105699.1118 -781022.9366
-322372.8911 -569442.2993
800497.8802 8782.119018
-740638.8469 -558945.3811
359309.6079 936595.2368
479201.513 734111.5905
231891.9067 19096.18473
-388172.8718 -695734.909
437536.144 -936449.9101
622948.9349 -449040.1288
-135267.5177 154932.3815
955295.4616 -726371.8922
-965850.0706 950987.108
-126807.0433 975578.3471
283977.2562 48961.24634
139186.2967 -320360.1084
733707.9096 386426.1718
-862967.9894 331117.6793
838941.3793 -964569.1686
49437.12502 129476.9003
-487241.9945 322502.4112
752912.016 -935504.4284
-262778.451 -469281.9661
-89591.84513 -850749.8831
-980628.9075 -608026.8843
454797.5514 -598264.0192
316665.1887 -144310.542
-280209.7187 -109524.4152
-509230.0795 664205.2604
323811.8035 -140608.2152
-629548.881 -926742.4949
-771919.9398 864504.1683
45867.99853 336963.2627
-634387.7413 984604.6766
-910585.5769 506551.667
235214.6213 749484.8323
620563.7347 -676711.2923
-668003.1716 -210093.6363
-320153.1045 15897.91953
881470.8944 377885.5552
136895.4537 -519868.6687
311804.4325 597162.5609
934621.3403 -366336.4358
103399.9623 -52626.09909
-417884.1013 548294.5948
50542.5177 372500.1818
-382980.2634 704436.6401
-678079.9333 146580.4515
-406934.3322 -709302.3303
-354850.1297 -788547.2544
58583.9795 71392.43454
-367906.6188 310972.9179
304235.682 -94549.61489
97168.20163 -182381.9886
492036.6195 465503.5471
375121.6854 -515489.1216
-1482.360451 -160196.608
-604207.8531 368998.405
397880.8213 43171.24573
489059.3372 44812.95809
-461952.5237 17415.67487
-902593.5242 -480029.2234
-363309.3394 -89485.04614
-659039.2479 427127.7363
-318642.5366 77611.30004
-782579.9902 461598.9733
969238.9318 459131.7009
-530516.8887 -242055.1972
-14214.85993 -66122.37079
974531.1735 -315545.6384
-863906.6238 -651518.0776
850723.0192 565630.9278
-918083.7796 -210256.8185
892747.886 -749832.0146
-986194.059 -184846.6109
-294629.0906 400867.5581
-792887.7069 -241587.8808
-740772.6333 108369.9349
341807.473 -913473.5698
-69413.62279 -273663.7938
-169468.705 -686546.7972
627481.1623 -415426.1163
395328.1109 516198.0709
496267.6529 805444.2552
331188.1715 -707613.932
409701.6672 528981.8439
28045.85996 -807268.6807
611738.8021 348147.8836
139163.0352 -895953.4354
242318.0692 937150.7119
486695.0049 551579.643
952323.8415 89365.764
465379.6469 -410320.7198
609309.4786 651974.5798
-410872.629 -81802.41226
-822783.2045 -341855.663
593929.7865 201861.3925
-936692.5555 -824621.1305
-942482.5359 -950160.9873
685996.0719 -949535.594
829303.6827 267940.5015
-166355.5932 517718.4251
956136.6496 132565.8732
61161.46182 -854380.7505
894603.13 -258864.0973
-243697.0529 423158.2526
697034.2809 -24257.21567
-908433.5363 711397.242
977695.1491 498242.8849
901358.5983 370478.1564
-448149.5373 -169310.0684
291739.936 967923.524
410580.2745 -761576.3591
345058.2325 71740.04267
486337.6448 -703948.3388
-166517.38 -445242.8848
-611098.306 -171295.2135
19391.60008 -815374.8478
947957.328 145342.6842
839931.3527 -203866.2036
-702600.2187 411651.1034
-42415.79141 684627.813
-10890.11621 -357128.5711
-136757.5627 -510306.3772
-834739.261 -402907.0862
485337.7074 -373317.567
-527303.1995 -454004.5095
-760865.4913 -961393.7497
-727168.5221 763084.0088
-762200.9345 -554817.8239
-838804.1311 412246.4853
490445.9932 -98898.55807
-926108.2378 -938352.8111
28591.29299 719361.2927
97762.05733 -567314.1615
-829321.9346 239991.0153
-166915.0152 -404067.3679
-379849.5861 -485929.3784
-66448.29276 -164919.2637
36019.29232 536153.7372
429039.7498 207153.4909
-225008.6431 -422251.4972
-791374.806 824444.0965
-567662.5807 -822393.1432
286382.4608 876935.4634
-635710.8828 93392.19182
679663.7047 181580.1861
378222.3415 52943.2706
-563855.8261 -770438.8952
-569550.7298 -36546.83265
408263.4801 174906.285
434002.3974 -750896.006
-204473.5317 294120.9725
984693.111 -306163.7319
-329594.487 -787791.4384
-694405.272 17817.64821
725340.8776 990651.3206
213023.0308 -342213.3734
158909.5452 -739179.2991
-566527.6952 234904.3991
538099.4315 819976.5964
-848724.6937 -984651.4126
-747983.624 -468392.0319
145008.7461 -327928.6048
-138371.9392 -28054.93617
