3000
872702.194 -620110.2541
-300607.7911 -570224.2332
-137974.2432 -706242.4185
-816729.1127 597136.5065
-604625.2708 158782.4474
-663075.0949 -533534.8818
-485411.99 -797722.6083
-259041.4932 -353316.9205
903501.2231 881247.4766
388663.4972 224700.4303
-72040.27781 524757.0487
31390.69427 231132.3439
419042.0362 -633559.5424
465404.3995 -387654.1814
615722.002 -353516.9648
-677982.7764 453774.218
-726109.5596 -626748.465
-662593.2903 -593352.3683
129284.9811 -734322.8951
-660168.7838 475940.3842
402356.029 -462297.2959
228301.2036 -708368.8552
-547831.4234 273509.6589
898517.7417 575579.8712
-556074.1333 836413.2693
386729.6834 -374185.3079
66003.53597 -628838.5805
-446220.4346 -206689.1869
448961.5839 -869609.7429
-507284.4371 322909.8347
-100881.1556 576320.1474
-988129.2976 710635.9345
374011.0385 -767838.2353
-596532.4516 -839670.9909
-124951.6129 81661.52104
486527.0315 240640.6396
676736.4148 -868326.5051
384710.9069 -831744.4952
735577.1267 -199734.8864
135387.5111 -971532.4982
-154700.8994 -994658.3412
-458448.4338 453210.5097
-584772.999 -295849.1882
980642.1225 -349545.613
35946.43635 659972.0104
-136000.4652 728697.3431
-683150.9933 -733978.8155
-599283.0695 -189680.5882
658888.9735 750185.0065
417269.257 -834549.6113
992069.9814 924566.1705
-865501.7258 705935.7613
-78274.68798 -55013.37474
-777939.2307 270571.0897
3382.222026 75873.25107
-632254.7649 32403.66967
695494.005 66221.44687
-205499.1035 -530485.5368
-65855.09377 -18132.71822
17974.72699 -421811.5172
687752.2659 401591.9673
-980460.4852 505339.8886
869112.1517 -563916.1304
822920.9897 -678935.0796
310905.307 69699.59872
-424503.8444 974986.8532
91646.46724 561089.1787
-636389.7436 781249.9827
-745959.8407 283465.271
881653.598 -507860.8981
433455.8836 554805.5299
241197.1512 -775729.2645
987034.9464 70373.23445
-966344.6006 346130.2176
-732309.219 -804465.3407
670121.9686 -67756.32892
29715.61639 236548.1699
-752813.2605 943462.6784
948156.2496 457681.6818
-996713.5893 781349.4302
727151.5907 522939.1061
243404.1968 -801197.0658
-682301.2019 154057.1069
-469734.3841 -943040.2209
-972921.4295 -967697.8266
-412347.4685 224817.2803
-768710.3609 -563038.8725
335852.7472 469994.9793
646192.0512 594348.9581
-216612.503 -599339.8162
352380.71 636512.5183
-54179.30765 605142.2495
-380234.7514 -125862.9644
-101966.9271 809538.0659
589567.6986 392976.8254
448712.9509 369940.248
-324123.1162 130798.5595
-412346.9579 390233.0852
-88165.77239 -583770.6569
371582.4356 893408.9299
-73464.16247 485382.0956
334799.3928 -162127.7278
-388526.9708 -660594.7354
-295781.0863 119082.4844
314947.9279 379028.5471
-732915.4323 830645.0893
334279.5374 -581130.5726
859896.0664 -754946.0615
-646127.974 -205473.7289
-773334.0393 697133.6794
-494151.3274 714126.3165
863474.0911 724698.9928
305038.8301 -557525.2647
-5097.093683 -763680.9872
-945274.1817 168391.6981
724013.1463 -337001.1035
-652427.9259 -728925.3035
-588732.1891 231096.7458
881289.6436 -601544.5629
-88553.63789 -879799.8974
-917401.092 342503.9281
422455.8418 992794.5189
778347.3434 -448437.8091
310637.5992 -741628.3309
531953.6289 -223314.7933
123648.3045 -515401.4117
-69858.86651 -655948.0347
-327707.8393 611608.8547
-587011.3489 -766651.5226
353509.8483 254428.796
-462390.5363 153905.7213
858415.8502 816371.7305
-166478.3184 -529422.2832
796567.9609 -998909.2681
-92698.61777 963508.2534
-329088.1244 192262.1692
210949.0786 -449214.0685
291651.7889 -346145.2489
692507.9574 -421793.1483
-672656.6392 314695.8203
83603.41297 -997038.5245
765085.4342 334296.4633
554392.8559 -125108.7811
-26441.40821 728600.7563
11907.92798 972957.8873
-675792.8691 -951523.9815
527798.7187 445123.4157
-460752.129 -189250.8032
249682.4371 641344.5457
112045.8852 -570927.6949
-591464.0565 -618335.4794
-328657.7417 677575.6099
-991121.9929 389157.8065
217570.1642 215999.1023
80228.04347 505640.7528
-565968.5488 -713680.3896
353207.5681 -185366.4587
-609027.3241 987692.7049
616107.9492 269900.7022
-110242.5107 -669250.08
-786933.6273 -199506.3719
-62761.41583 -674993.4401
124724.2571 -354420.1169
-744237.6005 688308.1607
-943829.6363 539426.5629
726957.8914 -724643.6544
-617371.4722 -378097.2166
676881.9511 -311095.8157
-20358.00257 234432.114
-243542.2835 848576.6684
-510519.1143 126747.5341
-715676.3143 981063.7192
280781.1426 -976813.767
176416.2462 970440.0385
-494718.9185 356460.9154
-113126.3469 -875842.8265
-467434.2294 -250844.3723
-465679.747 -432626.026
-273328.8643 910804.4202
-744560.3286 -101915.6133
-252359.7108 -494.8649605
819473.4353 625052.9723
-211698.657 -717586.7159
-160909.7569 430157.8037
699560.809 -340960.1777
-977959.3802 751555.4623
336983.8153 -819494.6782
884127.5142 -490019.4278
237424.801 -289744.3423
749315.1681 564378.1954
-769577.865 -885460.1845
72585.95769 453825.063
-378097.7839 463855.9926
-946956.499 -712646.95
-622793.0317 -699489.5393
199435.4888 -619349.7369
951912.0527 -92067.11892
-432781.5786 -208382.513
-248464.3449 377165.1461
497143.9582 -544862.9524
-751.4210945 75095.95739
-665130.253 224593.8818
766654.6848 788071.6444
-20033.03632 -804734.2968
-662478.185 -293652.4115
20794.61125 911108.8004
-806264.9721 -525883.5875
857702.0188 -720584.4554
700290.9489 175487.9342
-82508.16061 873187.2002
-226096.468 -7603.713786
-943459.3286 -665308.3475
-928632.6248 189100.0335
971423.7215 -546458.1919
158441.5506 468358.9381
-535612.0813 63052.80472
708999.6022 -887372.8954
503183.2922 -301452.6165
-739287.3964 777483.9035
-972119.7839 228421.9735
-119938.3485 -718816.8132
-223597.7783 -179433.027
-952472.0836 -881145.5653
-817577.2131 -808728.4554
165804.9259 -266011.5496
-752342.4613 119560.2159
-174364.659 -360328.2842
313440.6552 -921295.932
339468.9427 102134.1275
-851327.3802 326800.7354
-907533.8609 716525.7882
461276.2661 -33322.16404
-668792.5693 563765.8815
-279492.1111 461969.1877
-806129.1838 156214.5365
153471.1601 216067.1888
-990540.8162 493330.0717
770419.5995 169761.2292
-590319.5483 798891.8298
386685.5599 -368838.6021
214102.9985 -325498.2844
-951332.0092 33263.04445
631209.9124 -784514.8825
-778804.1038 873577.2117
196060.5362 741187.7158
571376.2731 -952613.0221
-371180.5522 -783805.4285
566019.1126 -387131.8738
-287282.7929 -350345.2922
455443.7537 -294279.8654
-308763.3222 -291851.1876
-923964.384 569101.6312
784452.3431 727705.3244
579104.9426 709378.856
-988121.9987 433927.2904
-743821.1941 -801551.7285
-70960.25759 -463220.0145
-792735.8197 -35078.07133
-992642.6339 902011.3142
361967.2804 -392832.9666
46329.27047 249915.3913
261392.1984 261642.4378
827461.5417 987255.3563
588559.4641 983298.4623
-140123.4805 946396.6302
-485415.4605 982680.1497
-119824.5871 -37173.4374
3631.119725 -450213.0751
-302141.1534 593332.7796
602118.9887 -842126.5971
-76963.29373 400879.834
806283.3241 693189.8853
-538702.6517 340036.0177
715930.266 -59073.11406
-679435.8982 -317167.0916
770116.1932 -591481.3331
-670275.5901 -248552.1011
-708237.1627 -872117.8072
-717281.5987 -129833.557
-409301.4672 203055.3093
902932.3196 -412980.4877
18691.03595 -840746.8342
756985.0944 997471.3892
816638.8102 -931164.3828
-663557.8528 399968.0641
501721.1234 -851617.5478
-815124.9158 435760.6806
678749.1656 -509745.8904
782430.2284 -592719.2736
-355467.0958 -360965.0508
-508804.5656 -209594.1244
-524038.6597 -739488.5877
-913110.0818 486481.8991
-401786.1958 305950.3933
-392665.4233 816352.0298
732780.9208 900796.3001
-928687.2089 -407350.5328
920259.9183 -504361.1979
994059.6801 -363517.4551
516086.8579 -410599.0035
311737.2406 746635.8067
-610214.1587 -425250.0887
-644326.4016 -759967.1929
-45042.53057 69322.36632
550245.8006 -414184.5972
816883.709 896224.7195
779222.8011 539404.9885
318157.6419 -902555.9321
565607.5752 461840.841
485627.221 89553.53178
184617.039 165074.5097
-915905.8185 -85972.0422
-63828.20106 -856926.196
-379799.4368 -392297.5115
718159.3352 863611.5272
-949432.8574 -777725.0193
-505354.0195 -514831.1441
367012.7806 641610.6991
-149763.0066 -501525.5274
-278926.3729 -700762.2227
742946.1986 299194.7701
-955628.9168 -168339.548
192881.0077 565275.2108
-108295.1914 788567.3868
846148.6027 -791588.8565
849368.3275 -273803.833
208427.4244 541979.6003
593458.3429 -759459.3597
331346.0338 -608206.6695
-443675.492 -993097.8165
-759747.4798 -307387.3635
-121631.9294 501049.3564
-317095.1849 835361.2615
161890.2866 -992722.8066
41026.70419 568754.02
-595943.0743 -91973.94792
174021.2587 344613.2589
-18627.07507 345175.0272
-409464.6175 360525.893
-674588.6453 608579.2307
-381240.3816 286845.5462
998034.6216 243682.7661
-2498.484882 -83081.69207
356420.6694 -661079.9841
910555.2938 -671990.1937
829406.1332 -103290.1208
-550831.1149 -271697.5321
-17505.1519 -83398.18538
857180.133 -644343.6032
234138.7989 -580915.7831
-283020.5937 -712395.3156
30239.34915 -423900.4821
-197538.1653 -345919.0008
168406.3484 -834096.294
-286550.5285 241492.3289
-287203.1922 719159.9018
108994.7485 589031.0584
825938.1487 111780.9372
110676.9126 325675.195
-264498.9453 655656.2581
591186.365 -363170.2408
-173713.2245 -360832.1302
163594.1727 718662.6326
61943.57653 -879246.828
-434121.1474 773390.4646
-268.7948882 47936.7555
-991600.569 531998.2778
-117112.0507 415597.3883
-270697.9013 836923.9024
-431699.436 352878.7811
-545289.5515 126926.0135
-649161.2257 -679072.3981
-604364.6547 -350403.0431
-861041.7619 -83641.01159
372948.2684 905962.8038
463081.035 550637.7626
-848695.2736 -690272.1033
-149948.9642 935081.8045
-539908.9475 -300148.8549
-450817.4306 168743.9673
271516.7225 -264101.8062
658274.1568 356197.2786
978889.6719 -399932.0788
475471.005 416512.3278
-456874.0221 871829.4697
518863.3506 -31853.44233
881127.1141 764259.8281
-744098.8792 -204603.9903
930470.3595 481033.7016
526112.9638 289057.1188
-480132.4288 653628.915
364476.496 978576.4854
282198.7777 -174555.694
788237.1353 931419.5881
-51650.28513 804832.5826
80345.98733 659697.2303
-743254.7142 -293048.8379
566425.4105 700703.2262
208522.792 -519008.679
140476.2651 81900.63394
-174639.3344 496882.0125
29324.02499 -624861.7915
-160152.4378 281148.6795
-831388.1286 -447459.2139
-922974.927 -150989.0918
765369.0925 841019.4489
199554.288 -698838.6523
-226431.6375 775548.9037
-466214.1331 643229.9114
-743622.3681 414002.912
-389532.375 -583596.7646
790884.3141 -470526.6326
293404.7093 294331.6655
572316.3686 532526.3529
-56148.4792 342002.8016
453292.1156 -850476.4848
-777529.8676 -859872.253
-665643.8737 -903425.7253
-659655.8253 557225.2512
-371821.0573 408586.1391
-765538.1632 945012.6833
945147.4742 -126696.6062
740489.9565 666564.4849
847509.1893 -946831.7799
-683772.9894 559340.2898
-422696.9141 -105716.2357
48355.88686 -722324.2436
-574560.3285 229399.7644
-387773.2094 241694.7271
86262.08237 -835600.0999
-156504.4929 422759.0056
-645612.7553 360234.7853
740229.2317 395907.5496
-278655.0147 -633175.25
-396476.995 137517.2286
-688250.5068 900455.2184
-149292.8571 -952180.2375
322968.5548 814203.6985
357955.6942 -234733.3251
-448566.9709 -851810.8231
-363320.4662 946605.0614
354708.5735 616329.6131
887812.6123 525555.6896
282625.818 395590.0305
312819.3814 518670.3715
341059.8426 10755.66151
136180.114 -502334.0142
234846.0037 -563609.2988
-823866.869 -768608.6089
22123.8672 893479.6046
-320282.0974 733204.3813
208426.7802 493680.8101
-178324.2394 201026.763
782577.8887 -223174.6515
684065.5662 -840898.7865
135184.9447 -961677.0804
-631288.6556 7615.449348
-41203.88771 -434066.9189
-861953.5352 559494.482
-841060.2208 877867.0491
-872112.0378 -964086.5049
545300.9748 495017.1387
-663102.6932 -252086.9748
-844130.5661 367140.4721
144648.5891 137512.2501
-827205.7574 -69455.04434
-822994.7043 -16003.55986
455910.9467 253186.292
782094.1554 -729800.078
-742177.5685 604670.1038
36384.4008 580476.4208
-513923.8229 222622.6385
-839642.0018 628511.4523
886974.2836 -428287.3005
284724.5603 -951719.6862
878500.2144 636879.684
-875908.6079 -21538.48505
996919.5942 483822.8017
422010.2883 -730581.0497
76420.61183 -539181.8796
329973.0884 271063.3582
-402335.6876 559034.5422
-555938.2599 -278535.5892
74123.09935 850956.6209
-713720.3246 -327503.5895
-20680.214 -548846.8211
-450425.923 -646647.9369
-878167.8467 985558.6549
242169.4974 -983383.0953
-589795.9638 309426.5475
-908781.2976 712758.4678
-444626.8671 -849617.17
584424.7354 499474.7957
-827806.3508 963682.6971
-169045.0836 -129917.1953
-174505.4372 -864439.7266
-794442.4428 -662506.6402
-41734.68791 -254166.7032
-808930.9644 486346.0736
130017.053 -599129.5665
716029.6547 840277.011
-229878.684 -544273.9696
939825.7003 521456.6941
-517486.8945 684430.4385
382227.5209 197954.3555
-177474.5874 -109198.1828
234387.2609 -226371.8099
750569.5372 902735.3924
519489.3444 -204799.127
-242726.6108 225950.9163
-758836.1963 671724.0161
592437.7757 184081.0936
852415.7426 -946841.0017
341870.6237 -547872.3227
-690422.9561 -342569.0958
-609755.325 755843.3229
759362.7861 46770.9553
-842652.9349 498022.9091
-760533.5052 800058.311
545984.1912 211629.6393
975854.8652 -209743.146
752999.7655 45293.27003
-231918.797 199789.6999
-822345.1799 678561.2075
-159476.4212 160480.9104
-840770.3719 47945.60944
67903.18571 -694393.3308
-827143.2087 349323.9227
-19974.48316 -980177.5984
922410.1338 72354.85599
-171976.9329 -934769.8089
-352808.403 640438.3577
419412.3688 -735253.8935
-423078.9921 349885.5676
863211.9062 -48461.55974
852060.9151 -899877.0603
-637553.1985 -382425.7185
-100570.5784 756424.537
-613441.898 -708369.056
627844.0993 136652.6678
308149.2476 -693977.8166
-343405.1794 448540.5359
-548422.0644 795331.1723
740387.0931 495314.8121
867967.827 -155254.9095
815729.6671 637398.5448
578378.7635 -946643.3097
-605551.0773 779134.4594
242540.7723 884330.181
-87712.60559 -217558.9481
3166.11421 966849.465
-654678.8544 -298460.9608
-273227.9803 309530.0605
889220.6238 967883.9948
430820.3771 -653975.0767
-662350.7867 603654.5253
275787.0197 -920940.4437
-923835.8359 364745.2802
-94729.39787 -275153.6889
-742615.2579 291460.6977
-982114.4074 272471.0587
172750.1381 328940.976
129760.1665 -735336.6248
-215747.2364 -184452.7439
-739586.2614 772751.3138
-295989.3085 470963.1145
-926142.1707 -96974.80354
193478.0318 -836546.4364
-774156.1375 361358.6316
-700354.5263 970296.8793
579996.6519 629103.426
826302.4362 386520.9126
-973819.1099 535058.0323
961236.5755 777536.5589
-942112.1305 -531960.3868
-653066.7408 -54362.77725
979689.4189 385087.6733
392642.1413 557316.3886
-322076.8286 -422194.3314
-949426.7743 -368060.7168
-700030.572 -32020.95371
-944326.052 -530396.7303
-494278.311 -851473.5969
-275600.643 -131657.56
-30062.8598 297909.0476
266738.2082 -370789.1631
990204.4801 919201.0356
-753104.7414 864974.464
898078.7659 954999.614
-366237.313 -236864.7311
49055.65368 110354.442
407386.0527 519144.0671
-580875.9457 774755.054
806390.7362 -11370.28356
452627.6033 779709.5728
-275288.587 -187538.0278
-982556.4711 293279.8358
594912.0416 -881660.752
-438716.134 865917.2455
-643744.2754 -318707.1155
154076.029 699824.6023
763720.6216 652574.1993
-621063.1656 -231828.017
-771487.3668 103573.033
334017.4958 -840652.3768
671158.7829 342131.5327
-188251.2826 61193.48909
51612.16091 -66623.43987
-683946.8238 713799.7175
731155.2713 -883727.6298
-223639.358 811463.6698
177248.4722 253107.1997
-648146.3855 462592.9885
-522057.0216 790239.4535
317394.6427 748513.4233
-517752.6911 -295814.9526
-361173.5923 -391846.6009
-84674.72202 793956.1696
485709.1047 220371.7785
-941585.0142 824235.1866
-628632.8255 51621.77685
188701.7167 441277.3957
220997.3922 -712441.3988
524573.5487 -275556.1541
725546.0625 486240.8434
-779347.54 -355941.6273
319103.2323 991559.1079
-130503.3928 -256033.8857
334288.7044 871766.8146
-153606.8895 -324404.0065
-515311.7042 158875.7618
457366.4908 -716298.4775
-816145.3323 260620.0681
719761.8814 532314.5208
877874.0425 562390.297
-956405.2787 874361.2498
-314664.9339 554808.5466
342988.7427 359825.3365
-595356.0214 -243990.8924
-25764.69621 -874611.5266
-774177.2216 593387.0853
538972.2442 936258.3167
943346.2883 -395838.9829
691807.9432 -969499.5506
-739172.9396 -23417.2355
478406.2097 -917333.6999
754279.5841 -813151.9339
-795841.7084 -562098.0402
176848.5402 -713163.9822
603351.4245 -196666.5196
-126409.9435 -334053.5351
605076.8242 560531.1336
-469398.2085 132353.9764
316818.0669 237688.0125
392701.2778 -932816.1584
-507223.3425 80714.21751
796427.202 21566.3922
62723.82643 418583.3708
-197973.6463 -906937.0321
68833.12121 -837640.088
-423389.1778 661523.2185
-245364.6787 -703740.0549
844590.0245 -662335.3731
767517.6406 512453.9499
-933954.6105 856021.9397
568986.7136 -373981.2043
130848.9916 -606815.4774
-883179.3421 -370368.0678
-177204.3845 -518401.3817
725336.6335 155250.1833
75720.68015 63762.43279
985880.0073 469767.0963
-527342.7231 -855310.9485
850537.3753 658707.4684
-48877.43676 -231151.8653
-746196.5743 -897270.9524
327586.3543 -979006.373
-811305.6332 -619632.868
-654034.7563 -545279.2153
2747.215562 466467.212
-223054.2868 834620.3881
-37498.94891 -856414.5979
-651931.5234 657839.9228
-209699.6815 227069.4715
-468693.259 980614.6955
74732.75454 -456823.8547
-36102.71444 732175.9908
-682873.5725 -307465.7948
968711.1179 59329.48936
387151.5751 -348900.8699
-162573.0271 -292270.2124
-939549.4364 -834809.4214
798553.383 -330039.1996
-953921.6207 925806.2515
-632635.9139 774355.0305
58713.07836 -655298.3306
877367.5753 117872.1446
-599389.1801 294535.2288
53327.57689 520396.4246
-485763.5273 695252.3534
-416633.1444 977740.2778
351442.992 520243.8276
581061.9574 -952978.9616
658007.141 -989977.4715
-510556.8183 -224882.8422
-699557.892 293665.1065
-37614.25216 808787.6972
71602.6474 -264205.1494
740027.1203 -950280.2292
-195413.7491 511182.7691
-49539.35167 -620107.9697
-976219.161 -432677.0162
75793.88244 -195941.462
786618.374 853857.8727
-993851.0229 867930.9502
-895773.5437 -605517.6153
821514.8503 -76279.47347
853541.3447 -226887.8827
944557.5688 224830.1732
-750432.2528 541813.8241
877803.8002 876275.6288
423094.8609 194858.7756
-984016.2182 -260386.7519
-500239.4767 -635615.0684
-691319.4708 530808.2742
-776240.9464 -417634.8337
463212.0555 548860.8765
787023.2366 542229.9139
-57752.02711 -132944.7012
528201.5808 -952842.4067
114380.1244 161209.0812
-729166.1059 853338.7937
-7823.24418 -855225.9664
233797.9263 -609516.7672
-435290.9336 -778052.8313
837926.8357 -448201.2954
-331386.6055 246876.9084
92281.52896 -44970.20511
-7574.390075 254135.6237
-549200.864 -630751.1724
-341949.3347 452466.9073
141323.6716 -766614.3148
748933.6394 234570.0072
-747566.1766 160242.3671
559573.1052 262165.4488
283441.2678 634825.9701
-87561.02419 -36762.58433
-205890.1644 561182.985
-612043.8792 933025.6974
144207.5803 222948.9596
896155.0854 881459.4478
915977.4201 -400647.4879
-974586.9863 459334.3754
-23605.45705 641363.1651
-217957.4222 -986752.6033
710560.4587 466233.2182
301479.3487 60629.1192
-590710.4412 981088.5065
37244.00244 969708.5195
-626095.5103 939318.9392
-791867.9889 889946.0928
160317.0301 -934551.5959
-692982.2096 -238541.2596
445799.203 701988.3371
145502.0474 -982832.4129
-369218.0422 -300263.1557
283704.9482 -92637.96218
549640.629 -397504.3036
940036.5213 413509.4783
908639.6008 -609388.1283
878683.6168 -679108.9784
313149.9709 -70166.42207
581117.0493 -980339.3195
637814.7405 -366561.3672
616366.4392 -577749.8749
412588.7237 450917.3894
-267141.1554 -434198.0348
43038.99385 441848.7964
820845.3799 939538.4364
-350822.0962 968030.3217
76139.75687 811579.7566
-241394.1656 979094.9253
563250.0899 -636680.0413
808743.651 175297.7622
937116.4763 -171489.2812
593880.631 -927055.001
-44618.39427 -156329.9229
98004.84486 867743.4995
-906239.4223 -381522.872
-323104.7773 -352595.9477
-32948.05211 790201.6513
79753.181 -469196.1229
375501.195 -533530.3233
-730466.0685 -612931.0779
-648607.3415 -267738.7794
-453047.5167 -32469.97829
849625.5618 -10406.81888
-706797.2717 910262.3564
-463755.2961 -795584.2712
-948225.3959 -766918.6375
-878675.9881 -468845.6607
-706688.801 -940443.1517
580674.6884 -880639.3786
441192.4765 726876.0277
932200.778 689436.3854
596946.3054 259656.5012
677797.7871 581432.4515
457401.3865 462469.395
-492559.252 624125.1229
-516085.4414 548550.5351
901964.0704 -672790.9972
-283317.1278 -238960.4595
708930.2327 -71672.58214
-606969.3448 -651439.9115
783840.7307 -423224.4025
-429066.746 21116.69803
442260.5135 482383.3122
288279.0812 -710393.3707
-77091.68677 538857.4239
874609.1273 828417.1318
-476167.0189 945381.4206
194990.9443 -350531.9676
-676142.6552 -876465.6022
894703.1005 -937278.7939
-481474.9355 -104965.7154
-552360.1278 -545199.2627
514820.2455 859517.9409
193401.5012 -808952.1891
993962.5081 857003.9823
-758842.4007 62234.79624
-461919.9726 771882.4591
-341071.8118 -794986.5176
-361870.81 813327.0101
-415798.9538 -913202.1736
784271.978 196223.8311
-376492.9677 -752261.6034
341093.396 -165457.4706
-287214.2747 382877.6705
-846844.7671 -201685.1782
-796593.8842 290243.3375
-960145.5614 -421411.1376
-69699.93552 -545779.1954
-120382.1023 -180178.9955
-701414.7577 -211881.1263
200129.3853 -215103.9605
-727004.8585 -439744.0425
247765.4092 -283354.2076
-329954.7238 -683774.5681
646238.4845 753355.8653
-377357.8881 696965.7038
668758.5172 603938.3616
-970054.9238 -71428.61507
144843.4707 -508923.1057
-995095.0017 -336221.6205
134202.9881 569105.0522
-675880.3816 888874.6981
-508793.9197 -992681.5956
-864722.6257 -894570.7549
-707953.0374 -564531.1022
495312.022 693541.2731
-386845.3947 812285.189
880015.07 -101453.7144
710455.2599 238362.643
815575.9949 115008.9943
365642.9698 770194.93
606964.6435 645930.8181
684427.3706 -188720.7666
610885.244 -680594.117
-469952.9115 477588.8023
-141430.9928 989505.3832
-762138.3005 -196161.4148
-561459.8994 -701355.6421
510323.6494 -165622.9339
653600.3913 -851198.4263
823395.6464 156199.4367
646077.2536 -890410.8248
600964.9379 268291.4659
549190.0301 535647.8096
305280.2683 -318977.6432
749903.1049 71083.1465
-451413.428 -520149.3189
-197731.5729 749153.6174
422613.2626 657454.1978
41945.38431 894092.2663
-683177.8974 -461226.5751
430694.9219 -775629.8798
571007.1894 -66570.87068
616956.6584 -272807.4455
-966300.1513 154159.6347
-742616.5973 -274293.5786
-977194.0834 107932.8067
400094.9915 282786.4587
-750558.6453 -233870.7233
-692903.6551 -339832.6595
888454.1612 240885.1402
-92221.13463 -30058.77837
-904915.6662 -123505.6157
587519.8172 560583.114
567741.0606 -588019.9373
-145048.8745 -809426.8453
421903.5682 -560867.7003
639186.3962 394495.4493
114161.2071 -646828.3607
-246486.2209 -677256.1423
753753.188 -548851.4601
-829871.4055 280737.8424
-149582.0465 135249.212
831540.1346 590718.3643
-997161.0386 -563899.4572
401887.6675 830388.3081
-74387.40172 142022.3522
-680057.5784 158772.3743
-88508.20767 -53188.64932
989469.361 722.0967733
464233.5149 -368277.4945
-960393.7075 406665.2509
-138500.6218 293418.4288
-339354.0607 -677496.9035
-491926.0501 656139.8956
264103.01 -501554.0185
-286956.1246 -750433.8275
-55910.10007 640357.8988
794225.8404 -139648.1538
932870.496 -611353.8078
885879.6664 -886892.9491
-655484.4623 -618082.2835
-760959.5054 348406.8747
563096.9255 217119.4849
524651.6537 557649.0992
112173.5823 510563.6536
-800387.2175 -316505.4721
27190.19053 -228342.1208
482924.7148 960739.3106
-217212.3083 -741188.9607
-40346.19138 -560539.4785
-687765.3177 857281.9566
-65437.06581 506585.708
-89396.53681 991428.7005
975002.6911 -308178.7837
-747924.1053 165537.2749
970270.6743 159431.1067
-365720.6987 679132.6365
595714.4314 248768.9246
-140696.4642 -618855.4694
-630543.5707 -165239.3485
-145718.9808 525772.4612
701459.9205 -464198.0214
441565.3432 190749.1762
-899564.9511 564949.7589
-131504.0272 -705934.1765
-167094.4728 -699937.5582
115009.491 584925.1305
-308764.4394 17457.26896
315718.9996 -932945.5572
-490868.1419 -535244.9343
-20188.02096 -263686.4096
-268586.0029 -41719.61695
834808.7629 943938.6071
881452.3963 907713.7799
-198245.337 -892504.739
-267937.879 987178.4159
599824.5681 222000.7501
-766480.4716 129228.4769
207388.2368 -184476.639
-469647.0399 -400118.2062
32323.45184 -793118.267
242595.5225 571308.9013
160198.4256 127732.7639
201116.6244 418782.6039
244683.4082 552006.4163
-243296.4053 -568527.9776
-67860.89408 956312.4927
-567875.5042 -476021.6057
513560.4635 -211013.0563
472501.0784 -233276.7519
-456464.3682 84041.50483
964819.839 57298.22295
-176961.1884 406834.2688
-656765.0263 -220098.1088
-37247.67094 775596.4894
-619643.7836 100211.1681
695628.4999 -400580.3151
-122496.182 575464.8602
-285140.8849 -407769.7127
971053.6271 902583.6882
-124207.5132 -162077.4115
795633.0518 320760.1215
-879861.5913 167198.9735
-378874.082 -604304.0221
921915.5024 -944664.2735
154092.3958 -9997.741873
-601442.5337 630055.2589
116005.3222 354078.5114
-324841.9215 -755886.1478
236412.8396 -264803.4273
42123.08514 -970574.4213
793665.411 553868.0876
-4700.958798 -619609.9004
-947247.9591 996527.5138
-492264.7101 -567967.4091
699959.3072 -511076.4763
-871863.5134 -983478.9207
-961991.2171 -549321.1878
794019.363 -784137.5635
712474.8469 -428326.8011
197231.9514 674889.5129
-991357.6255 -99322.82239
995114.5247 926451.7351
313927.7708 -924177.4337
-599729.6315 -823905.2744
520776.4966 393843.3493
15628.00834 -366670.5289
-998081.235 823724.1031
-875707.0528 268530.2503
-714579.1888 -97803.69286
-489399.2961 3726.394695
181241.0178 -485149.6154
-357144.4934 323190.2463
-675617.1037 512761.8103
-145306.2479 -534160.3021
-257911.3139 -616906.3546
36984.97486 22751.5775
-431178.984 -859749.5526
-721543.7257 489035.8397
648023.254 52390.61938
-663126.4406 -416206.6993
916441.6034 -113443.8881
-598182.2623 669205.0605
-23348.47847 822052.2768
-473454.411 -608103.9559
-364518.025 218401.331
381736.0263 956400.5829
698583.1152 -713265.3833
-539243.4792 -14793.64191
197011.9964 800660.0876
-381171.6666 529015.1041
-753898.2273 737054.0843
-9418.528225 939414.9206
-486051.4948 937837.8912
-410115.3964 -696840.1322
337343.3221 825236.6438
380076.9018 -553561.8068
880247.517 405480.4389
-151291.7208 -590842.8472
-210516.5458 376033.1532
552586.3627 338039.5859
230672.9159 -604269.046
725182.9358 266744.4971
178577.4988 -481113.7629
181971.5823 -6238.716941
827227.0401 135599.9152
-114075.6031 -235426.1283
-265161.764 820315.5799
-337392.418 882683.8463
-780785.8555 -751371.1374
-945076.3777 -946885.2723
-955648.1481 -415914.2847
859732.833 -11201.76701
136627.5805 -158649.1778
-11185.05999 -550609.4192
-709216.0287 -193497.9806
-242297.6175 202504.5367
-572900.927 135883.8866
786041.0159 -377376.0427
301681.5777 817415.0861
-176818.1981 -547636.1857
121944.4438 -860670.7152
-406368.3502 -946232.7532
-473105.6203 89046.61503
674595.5418 -533936.8303
989694.1684 498703.9733
988422.1985 558106.1181
558968.8114 96038.60405
503442.6246 671217.7711
-977017.6447 -224139.7482
935080.7871 -81513.82825
-909337.2397 904401.2574
170472.8937 -967153.8052
291708.8534 -916359.4563
431574.6485 150654.6134
-517063.2945 -809678.216
482334.853 -323181.8252
-595022.1158 -283776.1064
-196768.1948 -876299.8515
-755758.4925 -257421.1692
-834938.197 -924455.3054
-354821.5735 -365227.1625
319274.0526 -475465.1822
331990.6148 -581876.4076
993836.3775 5556.371258
-568175.7139 -98810.77545
-474589.7933 115316.342
462724.3746 864867.5726
924961.6548 -348182.8868
428377.8192 -917162.987
-966435.9799 159811.7307
517702.9157 -41435.24731
331272.0308 -593498.382
877359.2337 13010.92412
59447.8081 297589.7196
228519.0313 301244.3326
-271820.009 -560391.4152
-406496.1636 -912171.137
-926715.4418 -952579.9743
602568.3927 698756.9154
-338445.5562 -715905.1628
998156.3365 -409252.3734
-31016.33367 -530959.2557
16115.7107 -631938.9704
-38113.58478 -213740.5258
-134059.9226 48621.74948
673211.4868 379859.2549
-526513.1936 560487.2885
195545.8072 553232.3283
-442248.2139 -306322.8757
-420994.7196 -139577.3324
251993.6131 569910.1656
-49390.06763 290166.1198
917673.3874 379112.7881
-757813.6049 -608589.1681
-635158.5942 119339.2082
412929.137 783259.2645
-343900.8926 -262298.2382
-125259.3257 858954.2124
810150.961 258641.5474
-559087.9056 588492.6289
-109282.5739 -358957.926
610219.7046 777231.2977
250097.3467 125957.9876
-33909.00143 253682.4977
659912.7846 98876.75771
853018.5272 773776.6836
-821858.4292 -449946.2
-680378.4234 -429560.5724
301395.4805 -684242.1949
-231370.6463 -882124.3017
428547.7176 -829007.7998
-631203.1808 294780.28
-974888.8112 400420.3476
-527713.4879 -820683.9952
111698.3416 727042.8062
-282824.5955 68785.29662
-294633.5438 373461.7568
677250.5786 -367245.9224
597075.2388 705513.1567
643625.0153 438861.3455
-122062.68 100883.2835
551371.6674 -980767.8126
-67154.41444 37745.04941
314372.6848 329352.8023
834216.1011 854835.1551
-900950.5369 982498.4291
310654.8481 -581955.5088
932840.0735 24946.79917
-727238.8941 509464.2366
-887437.4694 -104974.0968
-232546.7047 -247573.8851
-750533.6616 -705385.6899
-278725.4336 -303649.4125
695973.014 253523.9489
673805.8 901959.4628
-370742.4619 914977.3585
940931.6382 663692.104
207429.1874 -751387.329
-777045.6919 870727.4864
-604475.148 100150.7704
-281644.8223 842708.6869
-4799.6806 -893771.8288
307484.0065 -788892.4147
830029.7725 668707.3441
-609751.8435 132347.4809
-372250.9543 985647.9441
349970.3731 262112.9628
396264.0749 -738843.3863
584629.5647 -236730.2466
688422.5531 103054.4618
696234.3503 -635165.4961
466243.3503 300673.7678
-629800.4914 -476734.3146
-280401.8734 -914726.1174
431131.9739 -406114.6536
156125.5258 705267.5944
-756649.979 960992.5709
-497299.3082 223360.5102
-269759.5607 950753.1286
606935.8129 878391.2992
737459.7255 -389864.7108
738534.4925 612832.3957
-576380.3824 49081.82652
-939800.7598 379400.6782
901252.4511 331670.9218
254278.5126 84166.44336
-920470.1978 -277706.1881
-551432.6158 525828.9064
-814012.5186 -729806.7881
-201704.7113 -543730.9137
834509.4128 139906.3481
561445.67 -567298.8612
976245.2982 -351274.508
-43889.01915 375070.0579
-110060.5547 -541608.7135
-165184.8034 -335367.0435
967625.4459 704709.6478
-966722.934 628624.2681
546907.7283 739173.7943
-473203.7339 -396763.9976
926399.7983 -358659.4135
909308.881 444300.8251
36492.96818 352706.4235
847033.866 118996.6599
-888633.5868 407814.2646
-224710.8171 -9862.043771
825400.2672 -135000.9287
-987506.8096 321221.1088
531964.1953 369098.1755
895141.6473 -331463.6271
-629433.1249 -474139.1376
-770225.6178 -947203.2776
310375.4269 -94806.39115
-996120.8563 -872727.7445
-858325.1623 167869.1513
279670.4103 830959.6791
107042.1446 440393.7435
431158.8516 -44983.02965
-558259.8532 -970497.5493
-685192.3389 -565053.7257
215696.4543 -274419.8452
25399.74492 -709938.7644
740885.3846 -600651.254
-468064.5843 -60822.43746
941038.3825 -666056.2625
-505529.7373 -299186.9683
739731.4673 392649.7942
249326.7333 -865808.7991
-46926.21564 -486669.7605
374991.1749 -611372.0069
126043.4547 148651.2188
-18404.53625 -8946.930218
-428718.6648 517753.715
-584126.7092 474163.5604
-335861.8507 229322.3984
-338970.8909 -808523.299
-230872.8398 -777390.0362
96378.10644 -452129.1089
-525200.0089 910713.6958
-251824.2612 -907118.2596
-70632.01213 786717.681
602557.2841 733282.972
104007.2783 -206254.2054
1470.72528 -442977.9375
772011.6141 716772.0011
-511696.4929 -279869.2238
-626531.8273 136433.4026
-627078.15 -364296.3465
782446.8854 777038.1845
477052.07 247048.278
-160152.7516 -375320.5293
38422.9557 -25950.79936
-477794.0959 -134000.9559
678734.3184 -460583.0472
-818376.0194 112583.8416
721900.2753 -109259.2274
419588.4203 -506766.1824
514997.0431 -188457.7441
-111011.1226 -574679.0031
-438984.0981 -291194.164
55140.64013 55438.75781
810483.589 -457758.7555
-348753.139 200715.3928
462082.5021 -137686.8491
996617.0531 119790.6106
513999.3594 -951856.7827
312141.8319 -383060.4272
474207.7942 701709.4458
322654.0709 -967943.213
-91338.54388 116698.3722
-377374.557 170301.3307
828636.1857 740904.5619
388540.0585 -338331.7131
-883611.0742 -52191.5471
-143215.6267 99504.76614
-550531.2261 853093.3959
-580645.6591 946352.2229
-191968.3693 -811200.3352
-505751.2065 65696.56589
-180311.5891 965713.7815
832254.728 -676504.0488
487685.5211 948419.159
-96359.4155 115869.5993
-175804.8488 -326892.8586
523829.9221 -389424.4683
404974.0763 868654.6717
503802.8031 256515.1709
809722.2419 -110617.0696
-141445.3399 310252.6918
227297.1384 -328692.1836
-383386.612 -589479.5785
-708099.7647 667651.7163
590643.7344 -32315.59047
-585942.3006 688931.6097
-102325.3102 433951.7458
-642263.4911 586076.6273
-772412.6793 153980.4765
-591226.7995 673950.1933
665458.0475 -303235.1105
655310.7173 27797.03348
-24362.98126 913745.5073
-493066.5319 777704.4492
-44899.41625 103903.5574
-670109.638 -811613.6404
-974222.2846 -197294.2022
-909484.0673 -275578.1651
-802623.8895 -988194.9148
-542166.8965 -933378.5591
-744702.0988 -781515.8008
-285023.805 -124772.4526
456422.876 -627116.2141
-526174.7455 -196636.801
615229.353 717365.8202
580348.2835 -293238.3305
-368779.2654 -714780.6475
708911.9298 -295973.3377
-309054.7277 938782.2769
-672720.4957 537807.7476
-608987.2491 -870259.6948
46461.28073 -102523.9026
987291.1777 -998625.4124
186046.5414 -923674.3785
-64122.99225 -169088.108
567685.105 -694794.3733
620498.6772 178907.2268
-677934.1965 -998015.5346
-509746.7777 71406.02722
-779870.7199 308323.7635
-277115.4016 -33464.22806
-217199.2864 -418481.3249
-348057.0843 414147.0008
-914822.8114 609424.0457
893991.443 -718915.5031
446809.8875 263507.9087
151332.6597 603949.6649
-21785.53606 -798126.3058
-839867.6015 253214.1562
-259738.9341 -23206.04235
-662386.0683 511598.0698
189891.708 -582651.7775
212025.9194 422791.4276
-195575.4988 334320.0882
-7463.488773 -969315.7768
648917.7621 251146.3537
721290.59 -956821.6178
-694337.3688 858084.6856
-912422.0456 -380798.3179
266036.7691 575872.7181
-545715.5059 565977.8157
315664.4385 784417.7084
-526825.6126 16893.00345
-599063.4823 -230303.7969
-284901.2056 -855910.1201
-136844.3186 947460.2467
976482.3461 -250993.5004
557667.4043 862625.4906
47249.56455 485227.3409
-144485.3787 804929.6244
29243.87041 -487410.4515
-524660.6851 398487.6526
827167.8947 994976.6999
898068.2731 882481.5958
411689.9239 -263169.4489
511525.7441 -259362.6894
-121142.1268 -528794.5597
-845032.5598 -696173.0285
583410.4929 252329.3853
-3344.593619 966635.4464
314814.9708 -816393.2429
-353182.7428 727927.9477
164860.4272 164448.8192
-980322.2656 77767.69571
-764129.8033 -222393.4811
163640.7113 605209.661
-443871.9946 -98165.19793
-694317.3279 -18589.20903
471955.6763 -815337.1301
-754278.6523 -111271.7802
96105.55463 480470.6961
-447414.8036 98955.86385
229392.7114 -659112.4259
-473203.386 -269574.0427
-920601.7878 984893.5876
-657612.3364 -274798.804
-478893.4693 143500.8769
3378.093627 -138156.4264
975675.6029 740257.6854
-119085.7504 -920993.9643
648946.1424 953182.5277
-387769.2035 -270251.6656
-605303.1126 651320.6954
-562209.9914 651049.8893
-625980.2263 -250470.4578
-778707.7 615705.3385
698272.1205 985696.4754
-781749.3463 778862.0245
322663.1889 541948.63
278244.5178 -662433.3243
-206218.2747 -542796.148
-998798.7251 -337171.3117
-81674.43983 392154.3011
-112600.4599 957516.4721
-196648.8559 -635030.097
-817249.4152 164932.6216
-743028.6177 301530.6189
634179.2578 -293885.4056
825421.6021 400300.6391
526937.3962 155301.9162
-602167.7666 258818.5998
475644.3128 -375647.7011
114624.7199 225960.3133
-326271.4669 231386.2312
-811182.1235 -325932.5033
955055.8287 875547.3301
7061.067195 802029.1819
658974.7854 533784.0288
463580.1098 964306.9302
182094.4745 131430.1462
-816457.0423 -345536.2385
-926646.8847 566741.6155
909590.6904 746004.8823
840630.6658 511006.8305
-445882.3313 -564852.0785
550247.243 826807.4946
797692.1437 793865.5919
544386.2251 348610.8208
431245.564 132698.2617
517406.1406 295425.3506
-570805.4225 337871.0002
816004.7174 -463430.084
-382798.5416 800108.3587
-298697.3348 93208.2436
-166635.3376 -545433.0066
-193316.0985 839297.6465
-559767.7473 257768.5898
547916.0503 614880.7523
-575442.7648 -246811.7219
-643470.5204 642337.6414
-771768.2863 -697880.0946
468932.0366 -348988.5239
-46586.36755 158797.309
-503028.7174 -255924.4129
-184021.1426 -151419.039
-600574.6467 -660385.9999
306980.8178 792617.9618
83974.61227 -438446.9281
965847.4196 335922.7826
-509743.8657 708733.0749
-381945.6706 -320924.941
-657176.1072 -464093.0142
212791.627 -204502.0857
396952.0343 558603.5651
-883469.3703 -314032.8527
-156170.5299 693659.5215
56000.10485 -490514.4352
937872.8526 -552981.6073
755064.6814 -206947.1651
-11820.88311 -877295.8617
-772346.9451 554305.9182
295996.0428 -171470.9879
-75649.95301 684727.4811
-451942.6821 365207.5324
573728.9843 -379496.1828
-775449.4616 360872.106
92442.34132 -522137.2686
-853715.6825 57460.53844
-50148.12451 83318.82503
-53186.64329 -345739.3188
-134509.5775 -259591.7844
180922.7739 -303397.9939
52396.11952 798151.5309
241851.3168 824432.1381
-721137.6737 124918.7994
976559.1828 273276.8508
581335.5656 442124.7432
798721.139 421214.953
673404.0667 -589400.6818
-260654.6681 -240496.4949
845583.3032 16663.40826
431416.9539 -595148.917
-549638.6433 -462291.478
-338573.7359 -333620.6032
-871757.4402 9282.21149
951559.626 163732.4887
-612125.2032 910628.7988
567868.2062 752730.2497
604271.7683 244726.5496
-998073.2733 -143174.2254
-875751.426 32698.08754
514349.8264 -718668.8966
491730.3218 -882327.8073
995146.6628 -861561.7777
511432.5992 763026.1863
-72430.24696 -58999.02175
561111.1384 422623.5125
-195828.7723 931349.0203
185783.3464 -870759.6251
129413.0825 785044.1372
156522.8298 -727737.504
-629492.3636 -185395.558
-405408.3907 -59051.19181
-143445.6938 13743.59994
930690.1478 -998340.6062
801879.5128 835412.1139
877582.2499 353584.0256
-302071.1499 669024.3415
-523548.9596 -707645.8948
-344076.4794 783926.6181
669496.2996 -81434.52133
-708638.5773 -391630.8609
-890503.5699 482776.0389
-161183.464 885967.438
407718.5803 -609418.4749
561030.3262 -908206.4301
742976.9692 316235.2698
645088.5857 654693.0123
-426628.3346 -928161.02
925571.0595 -686368.9592
-565075.81 -95444.02287
-215576.4464 -332971.0508
-548000.9617 -4397.50555
-441512.9487 -84978.46018
377808.4496 -153140.8678
-726012.8177 611813.8545
819614.0711 615525.6655
-368056.1923 -415805.3965
-870038.9225 901046.685
676921.7962 851284.4423
836830.1597 -303830.5365
-505178.7293 780910.7406
-129226.7472 323956.9272
-388933.3974 -315934.9386
-296323.3448 -582907.9284
-94475.8738 158222.9768
735209.1455 430865.1632
124337.3802 472737.0831
-777641.1852 768796.5477
103019.5618 465164.1722
-627952.6307 351064.8048
105603.3548 -123579.6718
-656155.3196 678202.5361
174584.1866 -517131.8072
35552.28079 -711575.0447
211733.7231 39185.04887
350444.1205 72409.44684
529078.2438 454796.1057
-891558.4157 666655.6978
206375.0959 523709.1224
603726.5846 -777648.9778
-647625.8171 134411.691
-35778.21516 -107854.1384
-669241.6617 -846799.5751
-722421.4601 281409.0232
-158641.8942 -497102.9248
-345245.8729 250376.5155
608403.274 223980.6889
913396.4243 204051.9439
-293691.9649 -798930.27
-831096.7778 800448.321
705065.6181 43120.80477
52772.09349 145222.7469
-558933.9544 33555.06485
-706467.6268 -700284.3684
716534.1055 -273827.4973
-541966.0119 -57724.74964
-912390.851 -664370.608
-761625.6795 651764.8369
601667.5031 -356923.1087
18429.27012 770101.9432
89125.90997 -281612.7118
-837572.1135 673697.2338
-344119.3881 102900.3782
-105559.9189 -294617.9098
623160.8757 -603220.2247
968475.8571 801079.3756
84801.47408 -471099.1758
-837099.8057 32228.35526
559787.1364 712654.116
726276.9789 407719.5778
-855476.2724 989612.9067
102370.6857 871200.5016
428418.3756 -765042.4457
708153.7621 191185.7898
-438646.1557 101643.8235
380780.9176 429895.8972
585997.5663 478840.7985
-382717.7509 80200.04482
-335409.1438 636199.4227
146282.4484 933241.1445
469572.2037 962185.7186
304975.1302 -137716.5213
-591243.4304 933384.4491
434646.5335 -211615.6324
-319187.5183 405711.4028
-460675.0156 205390.1287
-205771.3035 -155317.8959
751429.8456 703254.3149
-279082.3476 454023.6478
963958.1757 -518184.1975
-50273.39338 576779.2795
640224.1021 567709.8168
-247453.1913 265699.5899
-94992.71474 -685139.4292
-715413.7462 -121713.8754
744167.4987 -650010.8098
835669.6162 906745.2335
-379164.6818 186702.9298
637887.6186 -176565.8084
-803387.0133 -589252.7833
-543762.517 -372096.2874
472752.9679 239387.9551
242096.7197 -761216.414
-101614.0156 -383886.297
682348.787 -570562.3328
-990584.6233 -55627.28544
800608.7689 -634651.7729
532576.3484 630013.2998
-227933.1055 -774708.5837
138714.7991 -540064.2849
798331.1954 -796424.9826
887531.8986 -136195.0787
-859101.3307 -332785.7603
-346720.9138 -530403.8457
-391681.1386 974510.6129
28032.26451 815468.6921
-137512.8355 -384256.151
4889.347971 -189743.3238
-638080.8266 -430188.2489
-640149.6094 -204664.9784
-573642.7512 -926744.313
-558520.4269 -622911.1251
791286.2018 691379.1744
455160.7146 144255.3788
50750.70337 -502403.5
166099.2808 -336294.9155
86349.25404 -961659.6995
-851808.4238 -417560.3763
829384.995 870354.9086
-514919.6479 294998.2906
-402462.6723 467283.477
470386.4798 -10728.88693
-976437.4584 -32380.65171
-519550.5117 -72900.20736
-204002.3257 171169.7712
-194912.7589 -191763.2191
950592.8661 561768.4614
-151011.4761 -256106.9501
-470822.1119 831467.4979
274221.4883 -913939.5133
430543.5965 -347567.1883
-45063.71014 -795433.538
-692354.6061 446184.4561
-665898.3311 -675454.2534
-355044.3389 61529.75741
-565436.0149 953142.4416
313276.2802 -708208.1648
512101.0203 -738966.1975
-665464.162 -787923.2098
-731542.8728 -961913.5214
530630.4997 568530.7907
556101.2791 -709515.675
-918639.0749 818911.4905
-968468.9816 -514099.6534
343046.5074 -377555.5045
953509.0836 -356926.8929
-857637.1817 -220870.0672
826777.8086 -736301.9841
-152044.5283 -103742.1909
722910.4661 -240870.6637
-661021.0709 545360.0149
-91899.76627 669823.6176
-854770.8089 -944408.2654
210031.0171 -92369.65943
-533738.1943 800906.8221
-31821.70457 -29384.20134
522651.2031 638204.4984
499038.8874 -140513.8978
-176711.6352 822878.0733
535434.0701 197446.9779
353169.2299 45460.13791
-191688.8456 -360036.06
326238.747 -865607.8994
-698987.61 939745.9743
-63251.29737 -6573.507598
682139.2057 -45947.50347
-572759.6741 545463.6587
799758.4111 264286.3472
-232833.0202 691083.985
546652.1509 487226.9936
319190.3459 291738.2029
-615723.9457 -685210.7452
272332.1278 -389417.9522
-855218.6497 -781399.1924
618656.2782 289363.0263
902108.0379 602093.65
-339330.6193 934758.2244
-44285.02294 -938420.3493
313950.1613 -61172.35709
-866786.2242 -390389.8745
-948177.6078 167051.7676
-367537.4762 -1307.926236
-893984.9067 983309.8807
-833558.2103 -952368.608
393833.3044 745537.7605
549983.8825 52269.66864
-288218.7465 -201472.4964
457384.7446 -435003.266
269026.0682 -539275.8709
216663.1193 493835.4015
-340.8943811 -210877.027
-708826.5403 643260.7272
-98954.20629 45133.07846
-546417.9272 -32093.28591
-972033.906 427311.3361
137390.9745 -265674.1871
7487.077186 -115563.6196
-185135.3113 907477.9103
492077.6579 890772.6049
-788751.9018 357601.9728
346015.2447 324722.6575
-439337.5042 -790900.8099
875919.4492 484322.0345
-704548.1524 -676046.7112
906327.8402 250584.3445
975553.8742 -552940.8203
149928.1414 958108.0101
623309.5951 883254.6355
978408.5135 234335.3506
467157.1434 268463.2386
208480.2815 -603688.2691
-30067.02627 -702219.2579
265357.7567 382411.5738
508717.9417 -712831.8438
-490802.0052 -486270.5371
-859251.1981 71629.3965
-470578.6296 520905.0677
503300.8302 -848347.3993
-859488.5985 265704.9764
-728935.0511 62286.39833
-233464.6753 -372398.5765
-597798.0509 919748.5296
696699.9772 -580818.6525
658057.037 -715977.9307
-148921.22 -748067.7876
-345145.4521 637465.1657
-573347.171 -789569.2861
-552681.49 596447.3753
885777.2347 745849.1985
74996.33666 929701.1277
-632729.0296 -47913.22973
543733.138 -610033.241
373123.7179 -812371.7678
825186.6247 -882974.2846
-916132.4962 -839711.1018
-526946.6886 876597.8992
-219864.8976 191659.0371
100065.863 -355783.6944
412254.2926 -146997.9987
-370786.7304 143609.7396
907490.2034 -910315.363
-745744.6168 -266232.8394
386127.2965 238468.0822
916945.252 264380.4209
-705796.7619 108035.4233
-880607.476 95058.16494
847414.1035 -173943.8851
-288810.9661 407247.2117
-524693.1237 -786909.9775
341677.8436 -139861.2879
-175838.2088 305964.566
828378.9265 -625533.0125
536657.6299 -530410.5303
-485092.1457 -489483.017
-912128.29 391322.7644
-719341.1698 -86860.81466
-243185.1632 493681.5439
862154.2985 116334.4101
-575662.8322 309889.6995
-109316.2228 720470.85
551686.9161 786427.23
-514343.5591 -782702.697
939045.3678 72975.78346
523942.3861 -172058.8596
832935.4361 577581.5133
-162967.4621 -323414.5765
-864594.1384 -461915.1396
-128952.1915 -470002.7095
-436550.804 896160.8502
-943798.9169 87310.36761
-123839.1194 12878.41036
88000.3309 -687752.0007
574947.2748 411035.6807
301396.3187 83776.46317
-661133.1842 -755588.9106
385038.0809 -381795.1067
318266.5411 524579.2294
485459.1929 257155.5277
-211685.9543 -629801.7465
897388.8521 -801157.5389
771307.5436 211855.2964
-338162.1097 -190413.5695
-501142.3883 -828371.2107
206682.5447 -703971.6582
684127.9868 -726549.3471
350768.7564 -358586.5453
468548.6756 -148455.2661
-354193.6664 -180939.1548
-669837.7297 470563.3419
-906489.8072 12868.1239
418260.2484 -269166.1892
-233478.7135 289440.0598
935324.9862 176117.4823
-359054.7357 167140.3156
332104.6758 -926821.8918
-490949.5018 -817589.3081
628762.3146 -812721.6543
488082.7649 415501.6015
406281.049 504787.2487
-336327.1243 -119381.0328
-873984.5805 179191.6361
-132296.7241 -8841.440328
-121268.2882 201339.3888
-7974.315949 -870606.5252
-876601.2076 -224582.0707
-442196.2213 413874.4622
-299164.9386 -470587.0561
213090.8287 770513.5429
866216.808 404594.9533
63060.03088 -87603.99247
445374.293 311836.7312
321223.7464 -174928.1858
-919254.3471 -482108.6181
116022.1484 -659484.7237
539025.0004 -884647.3691
334092.1595 -71701.50152
633311.3896 258067.3786
980451.3838 720128.6419
-727290.4642 -774421.4666
-554947.4637 -959023.1878
215518.9966 252972.2525
-36074.69861 571661.8364
-456336.5299 -846979.5521
185536.7833 922720.8743
553760.6721 -352443.0965
719858.7902 861404.9961
556828.631 158657.0358
-420177.8124 -187064.5049
-573473.8718 -643269.5839
250223.7233 429357.7379
-57306.03305 25178.45105
-886846.8896 273291.9316
301066.793 -632003.0485
-426988.8131 776206.0166
-231853.7858 190392.3669
-677427.347 -429435.5285
143645.5649 635683.2099
878934.0363 660296.3491
-488105.2926 49383.6084
-982363.2422 687696.5714
219054.4687 -453538.7933
548736.6763 -708754.7331
296343.5555 -414011.0822
427501.6149 -891617.9658
-648767.6267 -889795.5393
-414956.8875 26004.02984
825432.3172 -652118.6117
983773.2188 844097.6986
-567303.1925 -588260.0103
-714801.6604 -802240.2433
-424526.2514 -623378.5959
-152701.6891 245043.0705
393434.5535 -640902.6905
938216.25 673506.6897
-291649.6908 -944581.3786
-15013.50971 -948113.2576
-362929.1526 -588506.7107
406569.1255 778968.5604
63985.73483 353730.6046
636729.4031 722950.6774
573286.652 -387528.9534
546936.1911 591860.6811
-859840.3089 826622.7484
495624.2233 -59473.71813
676802.4186 -439159.5166
371710 881244.0215
378275.4749 -959278.4425
-749202.8331 -651442.1143
610102.8134 161651.5998
-106018.0777 991005.9111
-655137.2877 -357056.5696
762196.2873 -192307.8453
-489512.4659 375073.9612
439679.6616 -136202.9312
-849285.0009 -91310.25296
-436520.7788 452740.3206
816707.5076 575644.8035
-926895.4499 -989191.326
55671.27269 521934.8109
-356586.4747 790082.5764
288871.5158 -811730.5327
-115953.1344 -388010.1548
-920272.8896 387734.6826
847865.4611 -963576.9012
-971639.9423 -394710.3248
825802.4346 212653.3402
-718371.3859 -15425.00905
686958.0853 19291.67879
-193954.608 -197350.8062
-116859.5981 48985.7481
-605477.1873 932281.4404
-71825.87883 890098.3499
807830.6254 981783.1508
-45746.88629 800203.7414
-887400.8179 -765669.3492
119336.99 29981.99908
691331.0449 972453.8131
983920.0354 867170.2051
-601809.576 177760.6284
-173679.1151 782149.3575
285757.5655 -520938.8348
902454.1813 -624619.162
815132.8306 -819513.3995
538893.0061 -59923.27814
-797702.3338 633178.6836
356126.7627 -51444.4251
-706709.5111 -952033.0311
574707.5245 -871492.1342
611774.4758 -804978.0449
408469.4276 -870607.2139
710547.9176 -109477.0539
-63873.61377 -948177.0696
224734.8611 -167984.9728
-884488.5314 -126372.2064
-511702.4127 -388232.0998
-987008.838 727256.8
-355358.98 -180389.5467
-38474.84239 -703630.8418
928194.3938 387705.1621
141323.9126 -630040.0566
329701.9762 -344571.4751
904357.1621 331162.4644
-382746.1637 170518.7012
668141.4155 622486.4273
536718.011 -288497.5816
-239785.8958 -489710.2258
117978.5918 149753.62
962792.1385 809567.0604
921484.2213 702091.1704
161408.8553 560400.7714
-736264.4644 110621.7424
254687.1448 702471.293
-752903.1495 -585009.3263
961290.2741 -547810.3476
-326198.9815 -596511.4043
668353.0811 861011.3271
-963116.4502 -828270.5209
359537.1651 296753.8863
-208930.6637 833449.6567
-873727.7514 4712.964532
-73136.19272 -135050.7906
209214.3975 982395.0097
820210.5555 892945.3492
-150769.905 -397751.9198
-541884.1835 288558.9209
923391.2661 -280312.2905
61881.28978 626211.1432
524232.7725 792627.2197
-944797.102 -473824.2892
-125528.3779 166494.1244
-814972.562 706209.7858
911611.6157 118918.5617
382765.7711 359588.8544
-745686.647 873013.1034
-258949.553 467574.0664
785548.1892 182996.0952
-561638.0221 -9925.012696
-503539.1817 442259.5906
37562.78853 161017.8727
-249582.2996 -229231.0866
-153076.5397 430192.4319
375638.2875 717450.1781
-297027.2775 -152639.3422
-160502.4406 -940402.2165
-195445.2222 135157.7483
705344.2067 366406.4884
-84702.85636 -456127.865
-237961.4467 -855747.792
-590048.7642 548848.2328
-727000.4274 -726152.0723
762420.7931 -667737.1097
-253309.005 -146176.7948
-587564.9177 -258440.3552
249681.89 -47094.31096
739490.7442 -66930.81582
-936371.0944 182818.8951
837688.7074 20773.62876
81450.64502 -663909.1779
-388901.1583 571289.3661
-113089.7568 837398.3111
425331.7881 686180.5445
8312.898526 -3634.57915
-612477.2529 -551038.7747
977831.1763 790764.1143
-56704.45168 -147848.4265
797483.1684 580680.5824
124682.9381 34562.36358
312256.5693 1786.89654
32113.20429 -630616.0588
-126568.4431 -377154.9766
25073.51162 546443.8961
-368537.546 972591.0132
488591.809 790139.3382
219095.0146 804750.4094
133023.5147 505517.2265
404970.7139 -834175.7228
-950149.6846 -628810.1177
-593533.5479 -593325.7619
-327651.671 699614.683
-208098.7417 90403.37227
-984341.4964 911537.1793
-459591.6996 241877.5433
-704264.0639 -628407.4815
344211.1705 -4857.360317
46562.03066 -849756.8239
-387466.1297 573010.1615
-1541.262689 -638094.4132
-176695.1139 -216398.6075
-557885.286 869377.8992
473323.7175 949408.1186
701192.1262 258445.455
89098.27791 266038.8728
863599.5491 -364419.4758
-176418.3548 -573544.7506
-273078.431 196343.3911
213688.3668 586410.0063
550101.5055 -291672.0966
-16795.67488 -424761.1389
-388322.6201 -617645.9886
-271887.7999 168410.7034
-692701.579 -990516.7805
-52197.13073 455628.9607
-32877.2605 -309093.6729
-92591.28949 582146.219
105218.3841 -780717.8144
-975918.8101 -822400.2509
493584.2435 41321.78368
-828730.9949 -97646.08633
-472699.9361 -189923.0592
669527.2505 709192.203
-68970.15299 949647.623
531767.8008 -219202.3583
-632597.5956 755865.7557
-539231.2055 -941773.7656
-702810.7656 126893.3234
-864964.4517 -835633.6877
22836.74038 -11256.63296
-171722.5996 -151792.9265
-658354.9806 892990.2882
35012.63985 91879.48501
333351.5953 806925.0152
396006.9314 516090.5
477979.8528 -126930.8542
-554608.735 -530398.8146
742581.9608 230535.9142
-336918.647 -730130.2632
284534.9099 -609772.3292
-478028.5137 691145.4695
533122.9987 -266654.0981
-747765.2664 231224.0618
364870.2902 13724.36406
-895338.0474 164709.6367
-402107.7014 933958.2839
714050.9335 -736746.1023
-475957.04 754037.6666
-535621.3427 39522.21334
-924824.0919 452329.4123
-758305.7853 526232.9128
-892095.0836 -792650.2675
350435.1674 -873105.3942
521641.883 745479.7615
-744604.9262 261038.3392
-92794.28325 -159687.879
587809.5228 -782977.074
243515.6517 242243.8489
-607825.8524 -840532.0106
-915210.8196 62831.63334
-741932.4529 -271331.5204
-789873.4709 754894.1742
-346529.2436 -261426.2372
589119.8732 765195.1182
-465857.5669 -241633.1038
835394.0563 -157841.9427
-98531.96612 460683.0468
295304.1886 85946.45483
325445.3103 949477.2659
-989570.9199 133835.0314
-223405.4916 245576.0831
-718896.4063 811501.639
-494581.9104 -332436.0261
845988.4354 -266123.0029
467292.2013 962385.1304
-741857.169 -557122.4152
-823045.4066 -113452.1645
-287753.1426 -460939.4838
633992.0998 38304.09263
164398.9287 324131.6521
-780066.3192 386565.3785
-430429.3193 -963844.5979
-626060.956 -430649.6857
882521.26 537408.3829
637767.5275 -982901.2025
79490.72101 -849651.6797
318945.4449 -61802.05131
106894.8742 299515.5864
-259563.2586 -77251.15197
-313616.6278 -945767.7956
692977.4503 -340729.1401
-767447.7246 -902790.9829
499362.1254 552050.1057
895062.7638 904149.3443
-879081.2207 -598221.4887
189007.456 206838.5547
138114.3712 -679473.965
731727.781 -960868.2854
-67045.28092 -503150.1422
476590.5279 42179.02624
926990.7948 -648686.3617
558840.0539 -628534.1344
-92634.73701 -419638.6918
213309.3982 -548638.9711
230538.5081 591636.8872
868404.8151 325121.1294
24430.06139 -369212.3309
879170.6326 -831077.1428
-777176.8349 146528.3024
676171.5156 -937576.4376
405872.9876 -848189.3377
-198832.4341 631884.5444
-98564.58898 -813678.688
184361.8955 243270.6822
421110.9497 234573.443
-261765.2561 80915.69863
40449.83398 926046.5031
447627.5192 888819.0873
985470.4483 91263.84276
591327.7017 -276788.6031
397027.9171 -306516.2007
-175271.3886 837052.8011
280360.898 378596.2471
-890840.4464 -688527.1011
-178021.6365 -71953.01128
-767593.7693 900713.6765
58486.97359 382442.0268
553911.3524 -828804.5782
564147.1075 550753.7842
317371.7494 -175302.8479
407161.4246 794748.4133
-66113.70658 366617.3651
-671191.0714 -909285.804
305403.9745 -253255.1058
826649.624 330604.6944
-608459.6243 125200.53
916839.2565 -893107.8797
-483425.705 -257793.3224
-782919.9104 -440687.4703
-784861.4935 383969.4125
-765618.6899 115309.0855
577833.9515 -738788.3229
665001.9174 224069.438
174287.4772 498094.7064
261793.5608 -688001.2045
549169.0016 289135.264
-334677.3955 -515832.2206
-780710.6693 -660097.5412
705223.9832 203339.262
541537.4113 -900935.6793
-172833.0755 1763.99676
-470156.5245 790496.4744
336484.6872 -228471.6937
-432777.2743 -273068.9176
-486644.8443 435883.5634
-77413.31088 -243732.8745
-515808.0256 -340314.3263
-116543.0624 -613372.7827
656298.3055 -684975.2953
934924.2283 124885.7102
164409.306 -487797.3659
-220526.5369 -326926.4866
-609078.6256 -267351.4524
48374.20663 -25738.69192
721629.5404 83789.91186
150188.3909 -939778.9616
-73660.76485 -768771.9495
249101.3122 -730595.448
928011.2263 -1260.952986
111931.8241 -225982.2107
893321.8227 204810.2009
474404.2317 -608513.5131
46205.45069 88972.54698
274013.489 576079.4261
-658483.1784 276838.8989
736393.8509 189964.9892
-480931.6868 -16713.28677
29943.87884 744918.0688
955354.296 547008.8454
-356282.0703 -431657.0842
-285289.5988 -315791.1145
464922.5541 96837.94861
-360186.5797 314674.926
-16950.57018 -628457.9295
66394.89189 -325549.4189
884151.9911 -337723.4702
722959.2252 -919074.1927
594292.6338 -238239.5711
-167396.4846 362957.582
-766451.5731 -898714.9347
-882724.8586 -15291.49012
516952.3754 771618.0901
-26458.75442 682916.8469
377193.5159 305348.7926
255774.3525 -131283.5684
-770893.5575 564862.0463
-852354.2504 -962083.5411
242650.3961 984263.6926
-508255.7152 278249.6658
-380647.6133 629640.2713
269967.8959 529510.9718
-372513.7898 585735.1438
621408.2933 252737.0534
68663.2222 811129.1493
324077.7609 88636.29678
-110502.3862 985018.5596
664742.7983 -504293.9799
473778.1464 -216974.3044
-725366.6833 -288719.0612
-768733.7012 499943.8161
-126059.5195 -202342.1582
588853.1773 -82981.38823
-404013.2931 577336.3271
719290.3644 788023.2426
-320808.2129 183253.3169
281776.5006 -850053.1385
171804.7292 -265436.6875
-300577.4165 -623379.2305
692830.8603 -436436.6091
171022.7747 745352.9355
-113508.0224 -771592.0677
621135.7713 -396244.7012
-499943.1296 12759.24243
252636.6133 156987.4703
729574.0531 141341.9094
-957603.8995 240000.553
-9938.266748 -332065.3116
342204.7862 21201.51859
313446.3671 521213.4328
141987.1158 -144486.3719
103289.7266 -730137.6548
253685.9252 778033.5184
-236152.2853 392629.9022
-781907.1662 517855.6957
454552.2209 -229644.9411
163862.3745 960045.9947
-725374.0583 415792.3276
-869523.1045 624350.7518
14554.71967 131571.9317
72352.36488 363932.0777
204324.6655 653463.1152
71932.54582 -318195.1226
-574011.7124 685273.9076
-486748.3892 -306687.9522
479252.191 -8404.788666
-874250.8646 -652655.729
458963.9077 -67869.66851
521308.2989 -453661.2063
-105010.3995 -655434.7701
305441.6271 -370781.4264
359016.6904 932492.8116
-965183.086 -476619.4866
-114148.0737 538605.1506
14806.99022 202147.3396
-53278.63415 627288.5757
449229.21 791067.4749
-186165.1288 984394.6873
386926.8394 -853138.9495
-971941.6591 63142.49789
728525.0098 -450862.5919
-892101.3095 547122.2589
198171.3506 -357426.6001
100377.3538 -98538.96785
658500.5262 31920.58694
-184379.1739 915562.4779
907093.8996 -934141.3338
307581.1404 -795512.4793
495648.2126 241220.2656
496998.5868 -537716.6388
766464.1892 520471.3093
632098.928 57567.49064
-714042.9788 -71681.26109
54810.81938 -55298.43732
260444.3208 253912.0395
634124.5006 177606.8393
156408.7227 989580.3191
824880.8507 -382331.7662
-773359.2374 924341.6763
-970089.9699 394635.7302
135914.9124 622713.8427
-353686.5114 676429.8733
858041.1549 672066.7553
87569.21375 -476619.5538
944410.4342 492986.1541
484684.1589 445628.1103
-649055.6498 -168669.0031
-529154.7072 514239.6346
705296.0579 -640887.5158
-508343.741 -835994.1898
-849685.6313 -101188.0738
-242920.5906 -207380.307
273008.7173 -718606.3044
-724938.6264 -966195.1852
613136.1385 -581779.2049
191733.3814 634094.0728
972378.4123 122188.3176
-679491.1049 -911178.1935
-954924.1239 483224.3549
-155648.6309 300476.7381
-635644.0513 396746.4997
146597.3581 -795998.0065
-957612.7181 -822631.3029
73863.36717 -981135.994
2196.733398 807138.1923
-393807.8565 -205415.7369
679725.7345 67263.16143
244995.6005 -831764.3381
-352651.2306 -199156.4084
-153460.3008 -754847.6903
711617.2703 -365104.9005
354777.7698 868572.1119
-619883.8279 -577274.3293
221823.0167 -109458.9546
546875.9352 -134849.4691
730389.0614 -54169.73469
758990.8969 549177.3311
-762910.4315 -1117.54855
226092.8166 751344.6717
-873574.9521 25287.53452
629252.3766 -181404.2095
804219.2663 -498888.3433
992042.7018 -822138.8335
492469.9358 -361117.7107
668881.7325 -234243.3806
772152.2849 967192.1704
-893343.7388 -899271.3714
-384213.0768 -486631.8328
-135240.1413 -475427.1065
-86148.49563 322110.7096
848584.0524 -584274.74
-599460.424 -460899.523
417743.8167 640724.9716
-71985.51226 420944.9906
956105.9483 -416881.9825
340663.4848 728546.2664
-13909.43227 -430879.2677
-403940.2369 -985233.0442
503887.3065 418929.512
49162.39066 412925.8898
-561275.2466 -969920.9269
716336.3104 -527794.7656
310697.9201 400372.1586
-847257.2722 -688236.2255
901341.9932 -267047.0284
88146.07231 -253894.5284
-24063.58824 -180745.7264
22752.33122 396962.232
-763836.1001 -445580.2467
892147.7329 981128.8869
468080.6258 -725451.6079
638706.1168 -627893.1077
37296.41627 600066.3382
115453.5294 547413.6567
862933.2767 52927.40018
628324.2553 433065.1546
-698620.7906 253902.2955
74369.81634 464946.2094
216475.6217 -933484.8684
-558659.6072 310666.3405
-229344.1352 418095.9441
-62334.62327 -346026.5833
730136.0568 308625.1677
-865286.2802 768224.8073
-256338.194 915888.2976
845155.3676 893964.4496
298581.4151 -584037.451
-362605.1581 -278574.7637
326157.7672 449958.4286
-874229.3614 -500674.8536
4755.867723 -970563.4103
-863796.1564 -205112.4504
-495781.0451 -184514.8327
800969.4589 -883938.5681
999860.8225 722804.1948
731270.456 40471.88793
555692.9635 117875.4134
795883.5856 18461.33147
-853184.4003 150708.8402
-941634.0226 998184.2707
279582.7594 -526902.5094
392710.1941 -247248.7927
-274497.272 711214.0287
-301974.2045 -478862.1325
-152583.8168 405355.7503
501328.3365 497932.5392
-36002.87266 -513743.809
-425388.1296 293756.4385
994925.4199 -306237.6296
-587346.0793 188173.1021
-203520.4213 260438.9475
570912.4437 728902.3678
-173485.014 -584694.5038
502946.9528 -201220.0702
724656.9686 -454189.9388
102669.1718 -195826.4587
411080.5153 759638.7423
918478.0531 729326.4853
339351.1714 617059.2633
-973492.4035 921068.126
59193.53921 -333172.3981
-172216.1849 265060.1143
-204089.3513 -399905.1526
516532.5957 -598259.3311
639116.2133 -454782.3371
200878.2327 700445.0152
-21153.74648 148239.2409
395820.594 880938.2838
875789.8932 40904.84254
-344251.8945 499133.0878
-835199.2638 -6924.312659
952517.1279 794468.2304
962138.4328 -831259.6558
-224012.8202 979221.6979
936845.3383 109835.3261
-866533.6448 -978723.1399
-530121.0095 -180692.0129
643539.0689 772379.338
-259611.5275 -758218.9198
-151691.2844 620814.1813
291885.7474 -867550.7833
609089.2001 -509479.8166
-103878.2252 588860.2027
296090.5398 791876.9051
-204378.728 72409.03943
-434948.5938 -405419.196
-261887.266 -661106.8453
-715215.9566 553799.9344
387701.9833 264382.0474
624159.4347 -285703.9
-275128.8178 690649.4695
795006.7289 -371972.6242
436998.996 120322.3383
357373.1258 626183.4384
551989.4065 944378.3016
-140546.8775 -209019.0871
-614065.2742 970021.5693
282739.4962 -336492.8838
900324.7979 -726844.8429
153471.1706 -890101.4726
-900237.9136 -689567.8298
-294556.6295 733004.9397
836840.6381 -440521.739
40089.8127 -199478.505
-315367.777 783501.3877
-481729.1245 -374303.8495
-982572.9178 641678.1955
-10447.23035 -82203.48728
-582786.4892 -617781.594
608827.0299 663493.2761
202647.8177 815283.9972
29575.94094 -786080.9497
222816.0378 -302394.8049
118602.1626 -545841.562
-976348.1165 807652.4973
94760.32173 -563411.2998
780576.0304 350184.9784
-969767.8021 813362.5797
-770313.8498 -464225.069
200678.8352 -43513.46487
-924943.6316 -613264.8204
-833671.8538 -486489.3712
-253562.3498 194032.763
973561.6027 120401.1021
-814989.1873 544097.4983
184601.685 838048.2771
-445355.8628 -46182.02438
-949002.2171 579523.0522
384747.995 -373070.0441
383984.301 -976380.6003
994627.2061 -421142.3943
-718331.1752 535656.7293
43149.93875 -417050.5184
-867923.5951 403599.4767
525701.2143 -580125.9851
65617.69124 -313942.8547
-110931.6767 -912643.8979
-139976.6384 335585.2715
-835514.4563 10415.22181
437722.1022 -109981.6647
-198768.2273 -411735.1242
416225.5441 154768.9749
766982.5664 -561465.4131
-371842.8334 -824538.5886
919692.5698 -462376.7643
515527.8439 -105282.3825
753266.5706 -63612.22126
-52331.93666 -944811.7579
-494168.3074 320219.4637
645063.6341 596928.7249
182002.9439 800717.1496
-3688.179587 598880.74
66876.04474 -538270.3059
-611335.7315 -817184.6174
-88771.68111 -659871.2058
910226.5455 17260.91803
91970.55236 652427.6017
-821375.2449 -631759.6301
-626690.4307 628867.4164
55288.98746 574758.6784
817610.97 246066.5298
299558.4687 -944653.1544
-986602.3221 -362147.6738
-293991.3916 561764.6412
712974.5977 978210.7509
-811986.7471 -574669.6904
53703.18919 -205855.9585
800948.8298 -7953.310138
799016.6139 830849.8597
-975686.8113 -854818.2915
410410.3525 573379.0472
-922681.1622 988812.1781
35693.52815 119551.2699
721649.5349 53337.20328
-330447.0802 729763.5948
-980447.8734 -925206.0425
949285.1668 -273313.6196
-805087.3495 543458.5824
183926.3957 420741.1246
-24467.55471 -527337.8041
446807.4194 -886769.2506
-694366.5353 120262.126
-4784.938769 -670474.7923
253360.4386 -978971.64
329236.3901 -823592.9623
-926244.9169 616222.5599
876469.6511 694827.017
441525.7358 112640.8716
154814.1681 772397.4374
351138.0215 55108.68071
353962.9159 734629.4185
-64634.82427 -192001.2458
357881.1813 -122365.2653
-890776.5706 612948.0744
-222125.4332 997553.9864
463348.492 594635.6718
-558923.7213 707987.2995
588831.5231 -853205.6223
-552447.997 537253.6979
152226.5537 -301023.7977
-220942.1167 510969.5693
163386.0288 -831108.3292
-125924.3589 -570106.8754
541544.7505 134605.4575
153246.0384 798540.528
437781.3204 -449463.4988
338508.4782 627990.2195
-357730.3118 -949654.2305
947018.4483 -26169.63559
-398256.4004 153801.8835
-752962.1951 423454.1211
124562.3809 -572636.7499
-372297.8849 344283.2997
672374.8644 -882603.5551
-947631.3483 -958282.0953
763819.8122 -483173.4255
443537.8486 264451.7301
201852.7547 -962662.6113
-784568.3098 -635388.9222
109341.1056 132776.3689
-123237.4542 -483346.6016
329354.1344 -967709.8102
594212.4556 -677677.6376
535588.6725 -467662.7621
948868.6067 -190923.8183
967499.7377 -710426.3295
-321736.4604 -717480.1183
943400.8245 783757.1922
-39341.7098 654566.4515
-818992.1898 -530216.2305
446237.3203 29962.83442
-877877.7761 767624.3717
-500352.4844 -489117.2281
-822634.9173 -922448.2006
976540.0176 440992.4553
-540794.1408 519933.8519
84704.27231 331003.8202
534362.4937 491674.229
338788.0434 917555.4276
-247228.4865 -174631.9246
-473833.0538 70223.19149
-546288.9391 -64777.6288
-885491.1111 121924.2172
-336036.5017 -333498.5773
342549.9008 359052.4872
768418.5296 -694941.6025
-208129.7009 932096.4622
120287.7057 -371006.6583
-101427.9726 119383.8131
417655.3713 879396.2115
-243442.5249 188930.5785
107242.8462 -246765.3989
472618.3864 240161.1222
850169.2606 -593575.468
-151165.5625 152872.0524
-882175.3177 -325370.0958
-702860.8056 -923820.5421
591859.0545 -189796.5046
-779637.9293 -109854.434
-655065.0227 729209.7932
-241130.7775 -354099.9621
-831831.1051 -503790.7747
-372371.8566 -959514.396
264318.2962 574811.4831
676635.2529 -663573.8789
-604548.6717 -401219.1549
-550974.2151 -623220.6563
45053.9806 444888.0745
-343501.8037 620576.4054
466504.0839 -797913.5346
-330633.6497 -411207.1184
-990403.5303 200954.8637
-914986.9938 -720843.8966
947778.1372 -910912.6886
-317334.1105 111642.884
-634298.3162 -761635.8871
-656551.262 990775.7409
57712.57965 -696164.4834
301822.9199 482250.1814
-102275.474 134189.9793
-70544.51565 474034.2052
45045.43551 726475.6474
-573422.5988 719507.2849
-701050.4499 -412554.0491
378938.904 -809435.2967
-988951.231 939237.8896
529954.5414 999884.2897
-561900.1198 -53981.39402
269707.706 -735765.1747
-968326.5448 264537.5779
245399.2523 858358.5327
93104.76464 -493916.5121
222250.9655 696298.0729
-478084.8321 -15103.71743
-448432.3513 -66485.36303
637917.8124 733617.3942
71166.90327 724388.731
-955520.7752 -884723.4846
-569682.1463 -104965.4446
2632.571781 389177.517
-50933.31178 -41216.84242
184666.9384 -508623.6458
-885069.1659 -857483.4969
-278498.0253 964417.0321
-760201.3785 285922.3899
331476.7439 -214150.4596
-268944.8431 412586.1068
-791451.9758 119117.4347
-984825.199 823330.1941
-532226.3913 -299165.6422
644277.2719 734091.3605
-295776.1854 422764.9033
-851063.7103 705505.4645
-360635.1103 -461318.0296
672179.1807 -744239.3821
-575269.2756 260765.6247
801579.6725 -609448.8474
-859663.5236 95588.99553
-650992.0944 43942.25118
235643.7407 241241.252
642034.6232 -93571.1118
819073.623 -404468.8696
-628466.8111 -885376.1514
-618165.7271 456631.9689
996666.9844 390662.0502
-266955.017 -834143.5675
260272.7544 997399.7247
-585880.8481 -269167.1375
-44415.37288 477771.4636
-865578.3789 7553.938422
606209.1296 635406.786
-56712.35818 603584.4791
-164456.6277 -908384.8963
359519.9485 818575.081
-338908.4013 -963505.6392
782230.7604 669578.4495
-974077.0335 -404265.4331
-925733.9776 349658.0379
-604679.4558 158678.5319
-109725.9709 937625.6097
-541596.2215 467519.9256
-586928.0652 766757.8831
-70395.643 -895096.4249
492221.3629 -21655.26165
476560.2034 38339.56673
713099.6756 291181.5805
-469251.8451 300696.4069
474383.4537 175379.54
-922680.9746 130078.5876
-669653.1754 579062.5463
982995.1503 -330732.8375
-486232.7653 696896.2477
-981569.7652 184861.1879
-46450.87576 -817137.8269
-908743.4795 -577315.2734
367187.1642 -298258.7201
-96459.52192 648325.7344
-946565.2241 703067.0743
902456.4388 -929422.2441
350972.3949 694621.9202
-324959.6167 -668763.7567
-667130.5486 238770.5208
342664.0512 -730637.6739
-655542.0208 522076.4933
-669166.0349 -320778.3961
810903.7007 567023.8235
-455434.178 -762644.7589
-9923.803988 968558.8387
-901997.9361 455610.4969
493822.8631 213175.5627
175670.8027 -403877.61
-468105.67 360129.6918
239898.7767 564934.0107
-739499.0286 -253395.8276
633223.9115 95337.95611
801268.7727 -76778.20801
462457.5216 -443081.3265
-36938.66168 462581.5652
855999.8271 102503.3714
-751445.9853 197008.6432
-534490.1201 420578.2212
-415044.8307 62410.88801
-921182.4815 -846130.162
-48925.09897 613156.1054
-504499.2029 192089.9955
-833914.552 -666291.7081
-115819.5322 855710.4255
-528222.9968 -470034.2984
566052.7163 -94188.30999
-259162.6684 620376.8889
48871.83931 883862.8084
854310.5897 569932.9165
360787.4553 101011.3717
387680.6318 993720.1071
598310.4807 -2315.415628
419873.3358 -848015.2096
515514.6687 427615.4712
623734.1925 -856911.8165
-492901.5758 723776.2847
177833.1464 206068.4209
367193.7953 799844.4392
-918580.9315 627139.0457
87002.98122 729905.2722
-608405.3147 -622568.3325
-718274.5123 316793.5664
-491497.3525 974660.257
748554.3758 -295436.6517
148687.1875 223427.2186
-955456.9003 416751.69
-613785.943 964541.5531
-766425.1679 83099.51232
-668344.0067 284328.4303
219587.1101 -533024.6899
-1664.269506 -870983.5833
-443643.2209 838696.0823
611695.0802 2143.545897
560976.4793 588123.848
276321.8694 751765.0354
-555311.1998 506977.9991
341771.2163 -708733.9732
514014.5544 -873829.672
65946.49361 255189.4588
-170080.7923 -269096.0057
878874.6484 -879976.7026
25969.98274 -691485.5586
684835.6745 -436094.3464
971459.1547 426917.1977
-235720.1307 -489234.9857
-361576.1373 714890.735
139582.9965 -226338.6396
450294.5514 -531067.4375
-579750.1336 686712.838
-198362.9539 -707033.9398
-118259.1032 275895.6663
949637.969 -509655.9839
-953737.3952 -94448.54905
532555.6419 -592349.8504
518000.5228 548193.7798
382485.0988 -463760.9811
-608901.9229 -149035.9172
179334.6696 -459139.5165
800280.6938 258240.994
-996768.4712 714.452152
-860096.644 431156.8505
605603.5313 163473.1403
-57080.38696 -445745.4389
124879.5211 -235870.6932
-865350.8923 -626031.2098
203256.9003 -547051.4707
-349768.9795 515881.0753
-800708.5026 397338.4221
-383231.1852 -432704.3057
-301666.8838 -10972.43984
-659618.826 23719.95469
133061.0532 29695.02351
-890594.6741 -96247.44273
-307593.4952 834917.4647
599051.595 333648.0781
-135666.5369 -734198.4644
78352.10463 212292.1768
-637628.4968 -305844.0454
-744202.8647 618076.9123
-395888.9385 -419028.4794
-38352.03391 -242763.8444
727486.5649 493915.4698
-866896.4065 -72593.58143
9507.457231 -641862.0676
736345.4442 573811.9306
-79445.39334 737949.5358
684895.9844 -451000.7728
584645.0879 706975.2945
249220.3534 -673510.1052
-669564.1279 287213.5882
-269577.3935 796550.3111
-544155.4703 150001.2203
-27571.95476 -659586.8672
-537879.7798 -708385.0412
-801347.2801 -405076.0009
-122799.0237 -761978.4718
-481137.0366 -76679.8135
660167.7488 -752905.6385
477050.8371 -65014.72524
-665702.0855 -179245.9264
404652.6883 907260.7503
107652.6686 319050.3674
32622.36684 -845380.1341
183379.0313 -461558.4891
926062.2363 583337.7244
842176.2534 740539.7291
214587.9556 125509.9586
724758.0848 450354.1975
144215.8205 -84352.05898
-831110.3975 -416779.291
106007.1208 -75160.91945
617533.1292 247402.2696
-448984.1982 868466.358
622277.7071 143165.3285
-285228.8379 997881.3832
51436.18886 329388.4109
-734200.1677 913123.0773
470109.6009 409667.9152
407021.6506 149183.7847
592987.8873 -860669.248
-62335.69905 -198317.1939
-751668.6868 512904.7505
957217.7554 -372364.8162
-108157.6708 -945687.0215
-762291.2371 -888845.6992
-106987.2538 970996.9968
329092.0207 515949.0123
-226645.1437 699685.2621
448298.9654 -143701.5183
-216306.492 -278785.9575
-796125.5322 103726.3948
-747759.8587 -88904.44356
-872497.5516 -994285.6222
-560516.3393 -311996.9071
99637.49604 454449.95
652096.3284 669988.555
-170210.4988 932319.0209
-446171.5736 -209654.9013
-309995.9527 79893.29149
-590272.878 -220904.8868
-779792.8095 158733.5725
-606243.0257 465918.6978
-3690.613579 919324.3276
243986.3489 743103.5718
283924.4813 608355.4049
402435.1483 597134.9571
-362384.2111 -228856.5943
640752.8053 204687.3805
856630.3192 584591.1501
684974.6712 804439.6606
-716062.4881 430281.0146
809076.762 -267954.0242
308987.9156 282450.518
469092.3826 -363943.7294
457140.4164 -997064.1042
-868692.8472 -234750.3563
688369.4813 478264.2086
-576601.2296 148450.3189
896732.4336 -518062.4009
447442.1809 -729315.3509
729163.3323 -292404.9741
287637.5081 734312.1966
447948.4062 -421371.4568
791378.897 866562.5301
267721.6604 597804.2212
219019.9442 -665151.728
227955.8723 -342829.0982
-733765.0621 -545316.1357
897676.4975 -67892.47128
-621101.4955 366678.7664
-98446.51279 697109.6228
263713.1968 848311.1509
-568091.6191 573425.5753
70034.52662 392693.7044
-326.9421857 924331.3192
-633573.8502 -901598.5119
45692.60307 -686318.7432
206921.9725 -182517.6625
-94841.19749 -919633.4057
864511.5059 818333.559
-254257.8884 -275529.5825
534813.0871 -19931.34079
-530257.287 -977467.6873
-234868.5925 -71417.95036
623267.5258 -503601.7954
-391809.7158 -976475.9019
470905.8256 242858.1528
-905405.0823 82702.45978
-204933.3115 -171757.9456
-396064.1457 -37968.49853
-985088.7596 -512456.5337
-837694.0086 553046.1497
645447.5379 32532.01912
192964.3295 884783.2437
-922889.8651 -406304.5554
-532332.716 -322332.3722
-940344.8097 -216922.9331
523421.2718 -6165.266908
808702.0149 855508.7291
-805779.3277 -188175.6215
584086.5669 442347.3471
859889.5218 612979.375
-515082.0258 542121.6158
461935.0933 523174.1265
-371844.3703 837684.9634
456956.9588 534389.9811
904232.7443 -461224.7797
-359593.9984 -220721.1829
877629.6708 -364222.6269
792763.4069 596723.2493
343758.0424 678105.1354
941589.4336 -530625.7078
-781615.2213 -128943.5233
237461.364 -205694.9178
-959626.467 801770.3044
330261.2021 -668656.702
-392712.011 986799.4584
621682.5067 910040.9203
-628151.0169 -692817.8285
-610099.9929 694268.9719
608517.2709 -536255.1355
-782407.9252 726620.1789
-137814.2987 -369846.5796
-586716.3102 260538.1061
490595.2266 605294.4109
-566429.9386 225844.8701
-122405.6154 -640119.1752
579016.907 964379.2382
-630162.6544 -676084.7808
-834004.0173 -232300.9253
186234.8072 -459003.6729
-733086.606 592025.966
214985.5325 -226351.2882
-379106.9938 -385950.742
50830.82264 -636726.7398
-326802.4983 905467.9509
834074.75 559244.2967
-148495.8995 -78511.46298
925849.47 -610518.3463
93098.84543 -339203.8117
779074.2179 -274960.1573
-848636.2286 38188.87474
-230521.3351 521989.8334
148460.5215 889670.6505
506328.0429 -156785.3715
-803368.7657 -149486.6049
