3500
120307.0352 -237420.8353
465548.1696 -884791.7078
92052.5745 -18493.28536
730162.016 -722761.4273
-37731.81072 -695055.7747
-906102.219 175451.2063
-730934.5881 219982.1335
24959.46283 574447.4482
-41547.97287 -73406.0907
299865.8539 -324548.6979
-199919.1251 -527415.7562
-978927.747 -918853.2362
-462157.8572 166658.3698
404434.5668 -971158.9681
882058.142 -791335.9459
-347135.3565 -214153.5691
-678294.0634 -452994.8784
999101.7261 660538.1883
-863984.2919 160797.5235
595219.5072 362943.2654
-764210.2468 361629.2112
-563949.329 967853.1106
318559.5704 -165324.7677
-911424.8117 -419827.0497
-295843.3598 -692401.4784
115505.5417 529122.519
-669231.666 480285.1305
-255989.8549 21384.36894
993640.9678 -248784.4505
407764.1948 306156.8769
93353.01945 -542150.4747
-384817.4781 -906449.9505
595230.8734 -799648.1604
885510.0056 -844632.5203
523789.4274 821443.0259
-727798.2517 -260106.7925
-929705.4999 -507101.6353
-676825.5323 -570492.7582
70341.84731 860583.398
-507361.9514 542695.5236
998158.8675 630163.9733
-808899.1984 -268822.376
324716.6069 358643.3638
-490715.0233 -279747.698
-683808.9526 -104038.0076
27614.63751 -323676.354
-673727.8534 945322.247
899024.8641 225303.7288
866295.5171 -289226.3605
-139741.4758 -292175.701
233007.6773 -286733.9744
-807071.0952 -589374.1719
185624.3227 711513.9077
192060.9613 -215005.2783
497982.8654 -221087.0887
-359386.3144 -630284.9075
-80832.73487 994961.329
-901242.7574 -241072.9335
-993132.3941 -229743.8379
168416.529 845028.0927
722633.5829 -872776.1672
-946763.018 975250.9597
-410279.103 404511.4099
-868435.1584 409527.8857
-584326.4569 550712.8198
938148.795 372591.8463
567540.1428 -934394.4929
999830.3794 -691633.4537
20245.82809 -635293.4977
-904037.0203 -364889.6142
-568856.7296 -167836.5125
-533023.8803 874087.1
-819754.0361 545340.9909
63303.43274 977334.0174
-213369.0563 716448.7971
266460.2505 -328834.1236
-942741.6835 429208.3072
-533521.1756 -802155.785
-889739.5733 585648.8879
-649240.6192 654200.3455
-617257.0759 -15835.23735
-579808.9431 516372.6607
-40823.82955 499406.3135
698918.1628 40681.50734
817176.7622 -690638.7182
149445.9211 -313781.5278
892694.9478 -491739.2826
-167791.6441 -340985.1332
-351101.5487 773685.4207
-123729.8799 -537401.0846
822448.253 947768.7077
-551122.5876 17494.4393
188119.7399 355185.1005
-292778.6885 -838085.6381
905537.5602 -371202.4579
-584435.2594 746513.1692
-665175.1193 558706.2885
-173556.1402 70468.93248
-635503.2986 -465258.1955
-429926.9325 683498.2683
-592833.2324 -809132.6441
944150.1162 923280.4799
-698565.0076 -308304.8828
-391726.5457 461713.1968
136368.1449 -332708.5328
406215.9015 -157925.1336
675616.2579 614614.9222
-763333.3256 904277.9307
-560414.5191 -785392.6753
702883.3499 -805704.2962
495627.8878 879843.3928
-663959.6088 331718.514
-320697.6803 -955050.7166
-853709.0943 -945912.8125
931918.3291 -82113.00448
524827.6098 -310647.5476
568322.4411 866627.9588
379258.08 610540.5215
-263627.4687 -741513.9942
57378.72538 -187222.5734
924340.9309 569449.0017
554424.6532 -198783.2129
439166.8527 137679.9831
-389765.4357 -457335.6904
-848242.5814 -229528.7242
575800.4172 108070.657
-205405.4109 -601359.9795
175288.4324 -554006.761
314467.5011 -472376.6393
-660522.1739 448518.5354
817239.324 -588801.6842
-205330.1639 852901.6514
367406.2064 -501169.6317
-578204.3139 422064.2317
869873.0312 -974997.1121
130880.7388 -623495.4524
965514.9364 -170962.5916
-538537.7358 973858.0732
-505248.5179 -787398.2761
-24498.11476 910701.9366
155949.5476 -740249.5907
771994.8316 94887.32186
-262451.0139 431055.5127
-910927.7614 -195536.3049
-393127.4787 -343159.7561
387479.0865 -665592.866
-517188.0995 958494.806
908577.2579 -888464.735
799021.7051 -934974.5837
-95144.36 -755074.9796
-882775.4098 505503.2639
375931.0291 -999731.3156
-222392.546 291519.3028
-425325.4376 -773825.848
-937813.7265 169017.7217
969485.9039 -107246.3845
822651.0874 703679.2602
107941.1572 -864288.0258
796952.11 -374429.41
-831767.8402 220106.3567
-165448.7373 835540.1391
824752.027 -48345.99676
584944.4045 303362.382
463717.8446 -525640.5083
635415.0566 317480.641
-852772.2977 988610.9319
-913283.8814 374737.6493
692175.7518 -269081.2126
-428671.62 -482585.7583
-78598.74702 -517160.0855
8753.922353 383213.5084
-741733.6096 -57340.93088
320259.4257 954966.5048
-966049.869 821455.2478
-387010.6459 -528744.33
-126901.1329 976257.2907
-727078.669 31608.53733
-550045.2495 -628142.3284
-460766.6531 884061.4355
34767.48126 866404.6
963797.3293 488262.1199
-226941.6001 -991607.0519
-737088.2521 555751.3115
65805.32884 574713.8579
42426.6133 253568.6337
-960043.9832 968618.8369
952777.5824 773208.0416
71226.11927 -141244.256
-252844.5979 -720834.8867
-59096.86917 -948160.233
105002.9655 786184.8526
-196147.6533 906330.8845
244643.2245 -369883.6109
-997780.6078 567447.0265
-19738.32955 567550.1751
915713.2644 158272.5382
565076.7992 -518293.9613
388456.6514 -597717.188
456659.5899 -707891.517
-318112.779 -483858.7802
705402.1946 504088.3802
698925.3073 93427.19988
-572499.2686 581197.9278
-708067.8857 -255372.0037
-221324.7863 -86419.56978
492574.5044 -235412.2814
-857493.539 -759361.5448
632972.2347 -396095.3576
-752832.1583 613868.6758
-908797.7333 218063.7425
-42382.97236 -795139.4333
733107.5848 -551594.5408
890757.883 775613.7417
592331.3452 170298.6679
695563.583 179450.2231
379912.6343 -86782.7665
542409.9367 -75007.03114
173456.3767 -726200.7255
-568759.9813 649179.2654
452985.0644 710475.3692
829281.3942 80173.24046
86429.75923 -182694.3554
417599.0304 122408.7699
-322903.9434 316976.7431
265148.9484 -740245.2799
285761.8845 -639491.5951
423777.6389 2874.845376
606517.0674 -477596.4442
-393672.4368 561829.754
-358109.3434 26157.60561
251037.5097 -921309.9944
161342.5952 -214549.6969
-980836.1162 -29919.25458
-763605.4826 -619077.9201
452682.5571 80239.50057
861380.2275 61877.29553
558140.0274 -859298.6036
998645.2697 -888608.9644
-400099.8785 -640335.2333
-323925.7595 476169.3961
686564.8391 -327417.3441
356137.358 959386.9851
-581607.7244 -754707.3213
-537524.854 -869337.8963
-588095.4914 -151175.1029
-793331.4254 293921.8358
-361179.5855 716819.997
-911872.5775 789228.1267
-503196.9908 722801.0209
169706.4719 -118827.3025
129878.9513 975965.24
-70895.14755 -323530.6838
-496689.7553 -285808.9327
587528.7627 -598506.6563
-763224.69 -382050.5744
846162.1672 641104.1784
410410.9932 -430624.4683
179900.3649 276652.5648
153543.9384 256976.0848
-561422.4994 -375438.7114
537018.9492 -677532.1796
994470.9538 74046.16625
-770098.0883 780684.3396
987404.7748 -618283.4631
968429.0036 -268088.0135
-374172.3995 293490.8647
-847181.662 -897575.42
-76737.59698 136037.0636
-647776.0188 -168380.6155
-387730.915 -707159.3828
-556855.8384 351457.3363
410269.7898 839725.7273
-134203.3111 406745.5531
-710010.9096 -408631.6363
734409.8466 185197.6042
-571406.8457 970670.2704
155419.2497 -762613.7568
-750140.3847 59741.77435
524791.0433 553000.7222
608063.02 877562.3592
-151498.722 916193.872
46339.52378 448934.7277
819996.8887 -694992.9906
70797.54788 -944561.8191
-901760.3444 192028.0557
798733.3732 445060.6267
-753029.7769 344260.9029
230916.3303 -119348.5457
-8656.983687 364295.4073
-225703.3581 -333004.4053
-336690.0806 -196046.9187
-50111.2575 193081.6961
195057.9996 -909039.3514
942854.3219 -753634.3569
-586067.8621 839736.6864
-523897.1499 278950.2397
275480.1362 -6384.857473
-202977.0821 130097.852
-951357.6926 935020.2202
-675466.4571 302604.0052
-241127.6929 952208.6989
-733357.2445 -118140.5367
427512.6794 446228.3166
878366.8748 -419528.3834
-589284.0955 329211.5841
158432.6515 781227.5222
660366.8623 -246997.9249
-395739.7514 -868614.3243
456313.0732 -974484.7965
690017.9694 -334854.5928
-327278.7628 1888.764291
-761352.5972 -327756.4848
-614967.3103 68307.13683
-557010.4728 71997.48208
626361.4419 186885.0126
543807.3599 -801981.1021
617650.9966 -907662.9327
-927591.7345 -182290.2762
859411.4161 -391014.1297
386869.0031 -109501.9063
-235626.8148 894282.1764
372960.5311 822075.766
555655.1072 621850.5274
374758.7368 -487550.3971
160793.073 -642959.5658
584982.3411 423886.8298
-227334.6163 -358648.7316
386168.885 -121672.8515
960227.3349 -490688.6171
702066.7491 -469428.1017
195581.9138 -269750.6279
371680.8669 -648933.3676
-608578.1841 78188.12727
758651.0184 -777783.7561
-155799.2462 -807871.441
-268913.8993 -638316.2038
-572885.3989 394967.3089
933340.1355 -964348.7466
-275469.7312 -913276.872
281524.7803 293961.4631
-495408.6018 -156953.3179
514883.9439 176633.6202
-137752.4261 -943935.9969
256312.3586 -632374.4806
-754474.481 -749621.9319
286926.7309 -177829.3461
-857717.1729 217882.7002
-92884.0019 454670.5777
466891.8315 350593.0932
-621483.3678 961982.9299
-560232.1849 150932.6638
-251460.7044 853294.3318
764164.8463 -769822.0179
10687.31985 -612683.3542
-912995.3637 -653257.8799
-107186.3261 -222660.9359
645793.9549 150038.6359
-966294.6515 -121486.8183
832741.6828 71615.32856
-227158.4346 700419.66
-253718.1422 648556.009
68125.02975 697104.8039
847605.9152 -180554.2575
-795670.115 323605.9876
-1438.460386 433242.8014
178329.0984 527330.2995
-309801.1346 -718756.829
-51880.32857 -704039.1762
494073.9559 -243777.4556
582506.3013 330655.8504
-393205.3691 -405906.8879
897212.515 469228.4071
-860649.2292 747176.5753
-829145.8054 303751.5581
907082.919 -595185.7496
-662529.6146 146873.9054
865624.4582 182733.9809
658945.224 251917.1249
435905.3456 997240.4508
492138.2408 -42989.97005
-406588.6607 947743.2581
645679.8133 -129515.4408
-369331.4635 -959321.187
871072.3545 18348.10486
-529446.9873 453831.3893
694291.9297 -315451.695
-167451.0451 343396.4231
114891.2202 91341.37638
-103870.8855 -112523.085
-460530.0832 26571.80788
61288.55129 701834.8596
605907.9412 520186.9381
872560.0836 677704.2148
852131.8114 -534707.8397
-72268.11721 -284225.64
-305156.8114 -119554.2645
-509627.2954 826314.53
422878.9907 170106.9421
905126.9739 -922066.3553
752044.1428 301070.4747
-694249.9887 -339045.8263
-132466.8739 872597.7756
-127572.3248 -171589.7775
897670.302 -46625.928
-502456.6053 -666336.143
285360.2713 -457177.9742
-51700.79549 900952.693
300536.2507 156756.2215
800906.5805 -431471.5392
-527452.8013 663874.312
-371448.2738 458732.9975
-237027.373 -154209.1095
-621222.4616 532377.2399
-560516.5318 -768641.1986
218482.8794 -194653.1904
-397896.4553 -292870.3646
791411.4652 619465.2624
257948.386 603296.0077
17317.71446 -244009.6263
209018.3051 -369418.8068
497756.7993 -134172.5278
-156231.4547 815610.0227
107339.7683 -234616.8567
993776.6696 -32714.92136
394608.7984 516399.8642
133683.9173 -77186.9823
-143334.9226 -40288.47912
-293228.1665 574984.7479
-217001.2862 -287887.2737
605337.0301 298092.0773
-279480.9684 -101836.1228
-225772.5191 -588375.0053
28416.38505 -452318.7393
-395589.9737 -265209.2279
-563354.2768 371960.8893
810739.7967 -103646.8088
-128868.5935 -17048.51954
-812967.1156 -236954.4138
923361.5856 -235852.9589
619772.7529 605592.9636
-955090.9813 -663174.2579
494480.0316 -31005.0884
-156451.1743 -500498.6019
794492.4807 -812930.649
750310.6536 732492.7752
895946.7662 -126519.8556
275659.8811 -420161.596
747945.3696 376020.4951
829353.4789 392853.3796
44151.77357 -862732.3949
33499.68005 452086.2014
370324.9208 148830.6147
914477.6185 954376.5786
-402185.7677 -850072.7658
-145965.5047 -368497.2604
569718.8549 -771195.2307
-612733.0464 163480.7266
956564.042 -117796.1418
-592056.822 -171903.4752
-848690.2238 -294497.4785
-547918.3866 -671501.6548
-930919.2276 -490385.2725
100321.2749 -931289.473
340413.2489 -784970.5328
-504502.1926 -280509.8839
632238.4997 -384267.9345
-427301.827 127318.4855
818668.3275 -422983.885
-109188.4953 483456.2153
613672.4621 -460436.4661
646575.6864 1110.705547
694572.6318 926316.5819
-950627.3262 -621166.6313
-876051.1236 838400.2991
-875955.5778 24847.08972
-124587.261 508616.2603
695749.2152 666391.191
-414197.1384 241173.4369
530871.7571 -229583.3878
-645149.7101 -830915.8365
175711.535 -530473.1517
576233.9386 -841923.818
-105587.3183 21927.74622
-350601.5004 -161743.7694
568535.325 -528917.7833
-374531.0042 -694082.6118
-396475.6463 -929048.3093
-437468.4563 -993741.1768
-157072.8063 -81553.59285
552782.0631 935035.7863
369715.5923 59213.94235
-873447.1181 41964.17288
180768.2657 932344.9512
104023.391 -735708.8757
213335.5412 -17212.61325
848944.6917 960357.3462
333609.8028 -15700.75194
59557.95629 509072.6814
248024.4681 -654903.2488
-253962.5431 -433399.7798
-619014.4654 843997.2507
-583583.5557 -8217.217077
-400884.4923 -710315.9083
970890.3528 71002.62535
297336.4317 616338.7427
-182313.0532 820042.1811
-803567.0333 217228.9509
-98262.8028 196061.1361
161858.8439 -687253.8095
-933181.0314 6574.774645
-899355.4564 -425693.6644
141746.4859 -33433.77669
-435081.452 548245.6776
268973.655 93441.88768
392414.3437 -676340.9437
-297412.7246 495527.4572
-138001.0205 -655211.8024
966084.7619 -431914.1036
-41304.06597 -421505.7343
817865.5097 -568178.6529
-365329.5353 525777.5066
44932.23961 -531368.4991
-916691.6067 368821.1613
-567344.5358 960757.4882
491885.6488 -874639.1971
-749548.6888 -397451.8066
-15879.37074 794782.0005
-508530.5162 -116667.2614
417000.4013 245012.4752
-165397.6056 210829.4114
443837.7485 546149.5731
646315.4133 -677891.7311
459036.3943 -369616.1512
-164555.9694 -390880.6301
692276.1914 -620481.0371
735583.2132 -737768.2792
-390087.9852 -737048.8172
-35121.99626 -689122.6027
-647632.762 379839.3239
-343845.7212 334840.9648
742370.965 -856649.6371
701805.5193 672952.6164
-107325.2945 692147.923
769623.7767 -277855.6293
78520.90301 -391808.2314
365992.6991 647526.3972
284744.167 -684687.706
-116345.2811 -305539.1587
44130.41654 288152.2073
503849.1436 107964.4502
918950.4727 -606148.8154
401989.0941 -660900.6534
-571852.8917 80314.84672
201652.9437 -512176.963
-969675.3431 167349.5583
47980.07931 758057.1198
-494328.0925 969747.1702
-726604.0509 -182431.1509
-741484.3843 19175.59696
-459934.0892 -336837.2115
861335.7914 -63094.05372
-589348.9004 741386.8528
-345826.6068 -892897.0141
-226820.8351 281445.5737
505425.0398 -130947.9888
199207.3918 -300267.0563
523191.4611 253857.0467
547495.9457 -568372.7927
-47659.87943 -218022.9623
-667358.178 621792.4971
398675.9122 -549690.4336
-95088.76122 593753.7383
-974324.0139 -205567.5345
-534604.3282 -537341.7722
-946400.376 132372.0604
718358.3953 374211.3911
-108338.4854 -542671.8606
-773916.585 134939.8494
-561088.3544 -541725.2436
-970516.4785 303719.6417
-692916.4137 -475227.7824
-125160.5416 759179.7509
-985463.3275 -615407.5577
-913510.3282 600665.9329
802222.4335 -369719.0717
-909566.9485 -160338.6143
-105004.4168 -657932.7067
-957663.421 816844.5179
412899.0148 -133180.1413
496365.2434 -294143.4296
-526064.1033 -555098.4087
803874.6291 -142044.253
194805.6296 608223.0026
56.82530073 -312175.101
534248.7504 808466.8032
-459735.8424 -491215.4455
899299.825 -130780.2232
-155707.1169 -582638.4682
-174913.3727 -439137.9364
95888.13065 -354342.3825
-615111.7085 989430.6701
788980.8574 142072.2593
750848.8774 -471988.8626
643327.3189 593976.9962
-234101.0768 -69017.89255
-304392.8154 -279756.9919
85015.28636 156629.0651
40173.90196 894304.3882
725454.9605 433368.5146
908842.9569 468845.1462
-774104.8861 -326602.7561
-749534.767 56262.52186
-211535.3876 798616.4658
831044.9799 -537850.2145
888859.7456 -187171.1967
-248417.6575 355804.3803
759370.6038 303158.303
975761.7964 384842.985
20333.28037 424395.3654
508038.4681 608221.1746
-417299.425 -972593.033
900483.2266 -414411.6218
-64045.30543 280107.8163
-830806.1067 266260.7432
-378786.1824 994737.035
-444582.0997 667183.7625
-626492.673 359811.633
510614.502 599926.8648
443300.0418 -505499.5275
-916718.9685 -791610.131
-849096.3584 918968.8489
401122.4662 570795.3208
344428.5984 145333.6003
800760.2558 449360.2339
-158407.1065 -881245.5643
-31429.80493 -89958.48867
-443622.2863 251499.8464
-312974.1692 -468675.8891
-396811.9886 641953.764
-841255.4447 975565.9075
646580.376 586637.3066
-698598.9002 -154677.0943
-782928.4622 -263704.5077
-353184.3991 979553.3107
-795008.6935 -454417.764
976744.5519 309829.7304
191251.1236 839181.4842
549753.2115 -769540.5068
-134868.6102 -261930.3522
673507.4204 222677.6942
-863874.2586 -249090.9745
869492.2264 -895082.5256
895197.4367 684782.6531
408272.0964 150138.0862
-703956.4918 869887.8099
-491752.6002 -148532.5388
265241.8563 -583830.5318
-757217.0137 -340553.7876
154357.7721 60087.16738
-477760.6791 -719248.226
329501.4087 488546.2299
-128564.1148 -455817.6532
-920407.3855 854536.4446
764862.5387 -69527.29826
-752354.1511 -5073.330284
-127276.4646 888258.1366
93588.39325 548244.3706
910864.5493 203871.4468
-444980.866 -928465.9101
-915064.5274 -25645.30938
783512.6191 -53354.68734
-650422.12 -124917.0559
-499080.3746 912817.0706
-798141.953 -772624.7883
691481.2647 273682.0696
764577.7484 -213075.4717
-917336.1575 497833.7643
431451.7746 -462427.1479
389926.3291 867743.7642
-192775.7567 131752.0604
45713.05748 -757436.7664
872616.8426 -181299.0146
-283288.0396 400513.6921
748070.9627 -567139.412
-643565.4481 -125002.072
646938.3274 -841768.1947
-176789.8719 896016.564
-190530.6531 426633.6232
934358.7501 422627.3278
-375192.7273 -889470.0001
337356.1196 -253269.6061
-996997.5789 882796.8623
-559603.509 -364353.3154
449445.4508 -480101.3312
-989803.3086 -62413.39201
-489042.1531 225720.6776
486421.0261 452396.5768
-273895.1678 386661.024
905104.1358 -61348.04852
714974.0892 -333263.8001
-935424.0783 582565.6524
-389018.575 -681990.9339
-743854.2548 278565.6832
686973.4415 -127530.9358
-829904.0366 638695.9218
-516226.7142 351308.0848
707640.8709 -948657.586
381149.9279 760883.2207
-868860.4881 -627708.6256
-111023.7525 -142569.0219
52137.87451 -902245.7546
-113710.2625 -685284.9496
-800359.6385 -122540.4809
-877396.7755 -589491.0267
-433083.4762 -787191.4913
-301992.9556 757484.9189
923903.8899 -643159.3095
-23090.51744 284398.7939
105526.6946 -663490.5295
-392773.3493 303194.0881
-608294.978 730181.0388
595884.2218 -179842.7386
-212294.2722 717581.8525
380250.3898 -572135.612
490697.1809 277857.2043
-954645.8269 463854.6599
591893.836 630675.4855
716015.6975 389690.7837
-891632.6944 810993.4055
6531.722555 -94020.44462
-464990.5153 489133.7095
208032.8801 -532082.7652
426982.5067 -60933.05108
-808232.7222 664306.3782
-508568.4839 818238.6985
-80156.10884 -811203.9723
-78952.18072 -909134.0209
-689475.1844 -325454.3942
-988648.3629 -357202.6435
410358.0808 930508.8249
-234590.0975 -55689.8964
755766.1918 -896789.6721
156219.4186 -804357.9473
704050.2744 577568.6489
-288978.2816 90740.64266
-268994.0112 -136312.7782
175718.7556 -905530.2038
405179.5437 339219.3855
370712.4419 -630027.7951
-280336.2154 -86597.93007
99733.18025 839157.6078
81203.95843 403595.2513
951811.6033 -371423.0585
-770039.0504 -332383.7182
485730.5566 -96804.04212
152692.4355 -163969.0516
-688856.1361 -516048.0214
662130.144 -890734.8255
449503.956 -72399.02314
-187228.4469 -30243.13124
73985.18308 -958833.3179
-40592.35574 92363.24716
-741604.5378 -413223.4082
963825.968 62232.92376
756171.6924 998352.1271
-557000.8507 168851.6726
172687.5078 759511.297
604316.726 -307979.3802
-162436.5912 -509570.9935
797203.3435 893029.5917
87407.49877 -919685.9131
926596.0593 346758.1342
345810.1291 296725.7796
433252.5911 -371212.9798
-812296.1426 -911867.7737
-266949.3888 931563.9316
-494232.819 -661874.3152
173087.2231 429173.2036
-378142.5602 316299.2989
-909041.7301 -952167.5143
461491.7789 970408.375
-801237.0779 -935209.6157
-899878.2844 -318860.4386
285027.5871 474687.7516
699948.6072 -986372.4303
265405.1499 -227662.3672
84544.58269 77315.88469
-355378.0151 817906.7372
-738567.6093 682750.4399
296298.2508 11504.89268
-561133.4819 131225.8021
-754801.1797 968972.5866
527371.8776 436226.5921
-765777.6479 375948.534
-231199.4372 -646633.2795
-594748.2521 -542888.9236
201518.3601 962445.0532
-196203.3303 -540846.2415
-717030.3354 -443956.1148
-136517.6844 -923349.0356
-557681.0068 918582.8482
782396.9522 -283059.9844
506105.6552 815579.9446
-181471.9755 636061.9442
-17986.63509 737493.1202
711074.1881 374095.2503
-948079.2729 -472074.8879
615421.3269 485905.7215
-316264.9558 -179082.7116
399396.8684 -221500.0814
-697539.3366 402312.7138
-107350.3734 593029.6844
-291881.094 -543794.5145
-859670.7574 787587.9798
677858.6075 731941.8309
751131.9082 721795.7073
28110.91872 863263.955
456270.3552 11906.52678
-955784.4246 787310.0418
-18674.82845 -854999.0554
-980493.3672 95967.94752
-251303.4905 -147899.5015
-530195.9504 916910.9556
243208.101 794686.813
-673956.0133 -624734.2608
93886.33132 792778.5546
-479028.4539 232549.513
-579563.612 410829.159
-970720.7522 -167031.8508
501811.9359 -615249.4439
216302.5313 -581639.9887
-481896.6089 -570565.3016
324478.1765 -408868.4294
716836.7415 923913.4755
930671.8302 831224.9949
-659709.8289 -143141.2879
-944920.4834 -726170.7027
-64482.81551 740484.6338
-810353.9922 476501.3039
349668.4908 -107486.7939
-980460.3148 648170.349
735060.4358 -424853.9338
-712592.6376 -581335.1659
417297.484 723092.0521
-554233.084 -207476.9942
555905.3994 -80098.09817
-96632.67313 -362817.4215
588380.3611 919222.8381
-153863.878 864151.1196
567182.647 -598956.6117
-44849.36397 837675.4908
715270.5506 673406.3942
836464.4584 72704.68567
117516.7734 -188561.7898
-388242.6792 474444.5499
196259.4992 891927.6471
13243.20568 -261070.6179
156395.775 -550156.7906
-400687.4134 -761466.8053
714323.5227 853677.1454
138268.3092 -917469.5969
-707660.9658 566948.0555
-968942.9525 274389.9778
-859131.2482 890477.1951
-783096.4682 217711.3201
-734281.0609 694717.9992
-396207.6137 -304344.2549
743866.1546 -961927.473
-341502.2692 -589421.6363
538878.8896 503566.951
-317801.4616 -895595.6661
-748900.3841 -331891.9756
-294612.3787 -970991.5605
-756953.2376 -234308.9383
356186.3376 367019.4597
-843431.7523 -189570.9601
-188875.2102 -1157.047892
664751.3615 212554.397
132403.9547 4543.895983
239047.0923 844251.4987
259515.8847 211912.1948
1095.527136 -648094.1073
-316083.3317 293653.4962
462251.7626 -256301.4191
981169.1164 280673.8904
976745.5236 960731.3737
-147273.4205 25962.53707
19282.03245 869226.2186
406516.2674 -75363.57028
687511.104 296490.5038
702717.6803 -267667.5659
-379106.7826 -667794.9252
277990.7165 770743.8538
-122221.0402 -743957.2926
649107.6688 254982.4757
335391.875 -583534.923
-727774.6973 -815706.9349
511267.4527 886461.2131
-341716.8981 65569.72111
-810726.2117 -412921.9026
787817.3285 -67649.54435
12217.03088 967500.5918
529877.1257 842605.4876
853667.6077 -18708.43929
-989471.6532 570284.6628
59817.15857 651162.3876
-411742.7188 -965099.0717
-428882.6968 -457346.445
-844997.5361 787024.3726
-505567.0172 -951430.1335
127469.9394 958110.7401
-302176.31 -509672.0302
517158.7681 -260694.3676
-363086.8519 -912763.6995
870192.1934 498845.0619
-903299.4568 -873022.9244
126997.6135 601143.6687
-634787.8486 560125.1522
-111537.3705 -481361.9007
-622271.8435 180662.9704
-392309.982 136192.8609
213078.6173 -676442.7243
-774842.7538 418892.6849
-485275.124 525892.8556
-729566.8171 -307189.7409
-536646.2753 -52163.38696
209908.9663 -409717.5598
349384.4064 -839748.1435
168157.6752 -906796.0841
452699.4477 -781108.9708
-981034.6463 149483.7883
339150.2751 321422.9624
-730707.0821 -889015.9129
885312.7757 588275.018
177713.5136 -904007.8642
-520898.3941 433203.2619
-695262.1376 544628.6801
-134312.2533 878133.8834
-825674.6642 -348191.4656
976169.0697 912806.4566
929515.1124 756268.1496
-264211.8982 231325.773
-625292.3274 210139.6118
-954023.521 511626.8824
958995.2788 -64389.1456
92720.78378 498282.9384
992667.9449 702925.4204
-892696.7134 -299553.3567
966491.3902 47750.57683
96095.18374 870853.1716
496846.9983 -560042.0356
554418.6204 -139290.8195
-914642.0834 -259619.7109
-403307.7477 -469109.7077
632073.651 -76648.49697
839495.9534 385766.4779
-79750.22662 944924.1033
-699064.2729 -389391.6118
-551770.1193 304662.9261
-173928.2593 -406792.0339
871074.0347 869763.3021
-802470.7439 896494.0345
-604080.1764 -74097.34927
925652.121 -851284.5734
332589.1607 -118206.402
-803393.4437 -863031.4643
415215.8838 239458.8944
708742.4505 -119.1958626
140831.2057 -132918.5769
-201883.5877 -680441.5003
-275266.8698 471825.3936
-457703.8251 111811.8049
-512422.6542 -674379.8641
102044.3714 -759991.9762
-486127.5093 709301.4
-457650.5808 405583.6713
460961.7379 -443096.7376
851500.5296 -104884.3097
620687.4845 -246436.6693
521855.7493 631591.4267
-663915.916 522379.9868
821180.6977 -14597.55164
-977325.3399 -711486.6843
-229890.5353 -180982.2131
293968.2481 10164.64445
375468.8076 750228.7445
-764441.6091 337741.4316
952605.0339 -28037.25592
-900557.5869 -591901.3842
-858221.2864 565345.8238
281898.8382 494572.2585
-182836.6057 254077.0558
-319891.2057 24856.55185
723267.8087 279296.9446
-53584.59845 -802562.0455
545448.3793 781853.8574
-963842.3251 -721654.8173
-218005.8995 -596649.4597
-602773.3004 -60900.28208
-231005.5108 791390.0949
87291.79672 -113905.8453
128317.0389 -442268.8062
829609.8585 -847128.6387
-952715.1336 -503515.7382
580665.8704 319804.3429
-557705.6255 515723.7196
-50077.84131 -655241.1504
928524.8268 -397828.4477
274936.7921 808578.3578
732791.735 -265611.8635
761976.5822 700792.7517
874444.4684 803454.1325
-80115.41399 539177.4353
273376.8735 372077.5649
655861.372 356107.6665
-153060.6003 968680.5729
-30345.97284 -309601.8115
-757768.875 385188.7127
-538086.5551 462941.1391
-557827.3597 -355928.2437
715134.4672 596350.5877
756511.6777 315928.9101
-591881.9571 898300.0475
-551150.3305 -740847.5539
730560.0052 -795217.9546
305119.7316 28560.0001
-883077.5054 -108403.4625
937446.2194 103975.0813
-992002.0008 14049.27413
280960.9658 707757.9044
180560.8602 1505.98478
-664735.314 842700.5934
-131557.609 -233064.6573
796825.6248 542328.4147
-132501.6787 -787839.1983
526967.1897 -57012.68389
-166727.3042 -732440.1292
240229.5477 -724165.4074
374109.628 149591.8599
-107901.8829 761340.0207
-244825.6862 -607795.6795
281988.5147 -221262.7074
-257731.0522 976261.7477
89553.86151 -686628.956
889367.9113 107198.1019
550247.5005 -301257.8746
889865.2296 97254.81698
635439.3702 168475.1721
187915.6897 -714352.5063
-28686.75216 560220.5116
459794.1635 809953.6478
277822.7965 -544887.3018
-111693.4275 -740302.3195
-40983.34878 388548.8375
-324874.0618 505976.2112
204307.4832 -827843.7922
799364.8346 525747.7439
675665.2811 386799.4825
87955.04836 51577.80618
-398481.4896 -56079.60764
780869.1757 807803.5939
-786818.5601 -685905.0432
219437.3959 -984215.0234
311721.2867 -1061.554953
-881034.1203 -404892.0615
92744.25645 792032.0832
-288782.3227 -440328.5261
-37778.24886 -169440.5639
668141.8477 689553.8242
164040.4354 905627.3307
-253328.6412 905297.2082
136371.8708 232672.1891
524571.5531 -46516.13562
951080.6385 27168.24127
-393524.0373 -449693.6295
100532.5491 815493.3873
-425532.0271 749540.0135
-151541.3009 -636078.3639
-4423.293089 -741144.7413
788015.8835 855987.973
-323431.6013 -149204.2286
371961.4754 285277.2806
878219.1516 -678212.1929
-5234.699567 -969304.0219
-811158.3524 415076.6296
126990.2566 304091.0065
693127.7622 -995018.8322
-174063.8896 -629117.7653
599049.4837 -58683.36321
344635.3224 504850.7248
105725.8231 314701.9812
328540.5472 944206.8239
-404879.4464 -285499.3699
541406.1526 -246506.3222
-637419.1294 662158.5811
-141088.498 -704239.7427
-672808.3401 723301.2684
-204473.8163 -207005.3713
290812.3743 -309185.7647
205198.7894 -819843.7541
-577224.977 859686.0065
548822.557 279361.3587
-694426.3313 -647113.3379
731774.7718 780408.819
-764932.6223 -893739.4018
72899.14417 -228305.7935
271928.9159 92131.18604
-335250.1081 210832.8048
-908762.2647 -811688.969
420865.3727 888164.8054
500862.0105 -863096.5197
-203014.4452 64128.3966
796657.2979 525745.9988
-64889.1036 283405.297
-133156.9376 -975651.5831
241930.3161 210190.6256
-726256.8603 550879.3601
375775.8934 923073.2129
-431143.1068 -399324.2737
436520.4491 418505.6744
458999.0907 401251.277
290675.9071 -773379.0014
197537.3035 -998989.0647
-671150.407 -240398.4133
386824.3217 576650.1806
-633085.1337 -677564.3773
-54352.41802 -830675.5489
-484077.5575 -641298.8045
581807.8415 856086.2714
514418.6925 141744.02
-657559.7832 553819.882
940394.8844 -998566.8807
-40135.01573 -436692.1291
229761.7039 410363.3721
-274066.7167 -134490.9191
196503.5363 -625591.317
953279.8001 803871.5992
73106.08766 217047.3356
59756.75165 -693791.1203
575843.9077 -788667.9239
-117684.2881 -689193.681
-575614.9345 23702.52865
-274046.8407 424458.1843
-781265.4435 -571682.0894
-385145.3932 -764558.0627
841531.4363 -106986.9108
-217190.9304 -104410.8838
-330089.8506 -582213.5284
633656.6745 738748.8076
-698628.1705 -356964.1977
-612920.9063 399761.2821
-431557.3075 53500.26205
-269324.1408 411858.7008
-918008.1108 417240.8697
621885.1827 -319972.0725
-827432.3905 -458642.0183
-173000.7919 299684.0496
429128.8716 698275.0589
989139.6588 -699416.9093
411327.7554 -40973.37271
454122.0168 -204447.7337
-512415.8963 202001.67
32758.84414 775720.0185
-801356.317 972607.2934
-687259.1301 116051.6452
-529832.5827 -727018.4417
866051.3981 340717.4663
-884901.0255 543983.6614
193836.6304 309498.0062
354036.0003 -672597.0879
156270.2968 -985625.4247
817464.2312 58266.85496
469986.7513 636551.1377
-836181.8661 -787516.5475
-781157.4453 198295.2265
-411949.1787 -874228.107
-137873.5958 -391788.7299
905484.5581 -2248.912363
-142450.7858 811925.3062
952750.9291 -186709.6967
-145024.9149 -927151.3029
888491.2935 -672812.7475
-413401.2953 213377.3963
-874663.153 157402.4981
-112138.7406 -590179.2063
-79442.00668 -719255.0877
-11344.66917 -179797.7947
-711133.8462 -206285.4243
-554921.9684 734877.6506
-689758.1952 268423.715
-192826.1584 -992285.4043
-409965.809 -23928.17351
-728878.1175 398415.9341
166264.8132 453558.6416
117945.1385 211977.8384
620014.4938 343702.878
-77505.03278 495060.9893
250406.7495 830836.2575
542445.9511 -942472.0388
174659.3366 -422730.1107
828442.6144 -202248.6719
115200.7999 517503.5634
-157766.0654 -542105.1894
-334920.5548 818879.606
376101.2809 794067.284
-230359.7497 397551.0887
661538.2228 165244.8707
-79189.2176 147491.8874
-283428.4411 442010.6459
-853205.2766 -951409.195
855651.5856 619942.81
-583403.882 -678813.3288
-82082.35725 -184107.9597
206435.1258 -413870.1904
-973166.6366 126897.3217
518484.5462 -865600.9932
6410.553519 721202.3987
-898518.0527 -442822.3508
177786.0079 898850.2644
131639.449 -669.1806657
963859.923 -465331.2528
606491.286 -935699.2029
900423.7542 105437.8853
975705.9594 -311333.2619
-716985.6611 -971637.2366
-160161.2128 -416931.0907
365525.9071 -514366.3812
550300.4068 496079.8001
883253.8437 -635831.3306
529111.0806 236540.3856
198444.5625 -769442.8187
388479.2159 -802654.9236
807452.0726 -821558.8023
750607.7925 995106.9292
-454872.8807 -269723.9009
-148506.4442 -883261.7536
334961.9306 839748.068
522720.646 605474.7121
75912.36726 805024.8383
-439214.4968 -294936.0635
60167.81932 -132854.2829
-516399.085 60573.43446
-142492.1775 681012.8361
459824.5172 969135.9723
928022.0946 90714.30864
-993989.0831 281426.6875
-404186.4713 -62998.5399
-347471.7031 304546.1986
-751282.1071 -235361.2856
371837.1727 -148814.0802
-270696.2305 794507.7601
-795026.0953 -21560.67409
-778685.4286 -194963.3503
-983218.246 -634339.8258
-40070.96795 -729310.9176
968906.4554 56850.93791
779091.3517 -473583.2176
724317.7634 422490.63
-82128.88165 -387596.9202
-445545.6101 935905.3981
295241.6164 -909721.9187
589918.4926 965691.9882
600694.0513 -419978.3299
759846.9937 721940.2879
406724.7619 390824.0747
-219721.7545 644658.6696
233318.8682 -739824.8124
68490.17968 579828.4194
-816845.7856 -458758.3405
-312478.9549 -503270.4286
424384.114 292001.3527
703733.6398 -909159.4849
298117.995 850731.5047
-552793.5279 604620.1295
-335963.5481 -834381.3406
-775882.1808 -181062.2362
-211848.5787 -97706.1371
677216.6976 -793635.6434
130776.7521 -326965.7026
-195444.8897 53138.48251
181538.3995 703265.5261
624704.9878 914599.8369
625328.2101 -171260.8754
-384110.7228 45353.18787
998357.1615 -370435.4467
-905921.9718 -440589.913
644830.0766 503907.6384
-378164.5822 -368777.5682
608919.3468 29992.65826
-408698.3584 -526026.4599
959695.0849 80539.32002
518578.5096 -381482.7362
-818069.1415 -380425.2013
497239.939 -502122.0357
-870159.8877 -933254.8425
214851.7781 -614466.379
791599.8433 653205.1231
-334983.5655 -85385.19928
592150.1914 550728.4852
-130658.0692 -636970.2491
354568.2198 74680.95719
68849.82823 475122.9124
-973956.0287 479210.2979
62947.12295 207980.5105
465187.0781 -284153.8681
-648945.8811 707978.8333
-768156.9203 887396.0098
769544.5591 776701.0323
-564621.6507 709332.0074
-741911.5066 561454.7361
210360.7104 -22986.41648
346164.9275 94418.97328
976368.2344 -112129.1357
508239.0352 38179.04603
-467077.8849 252305.4571
795873.8818 770956.4282
878066.3154 -958734.2382
-482333.5583 -1767.136894
-357611.1372 990314.0984
-559318.9112 -677449.4335
733272.8415 367888.4357
-598524.3326 325412.972
176241.875 -406632.4754
294181.2907 -662533.1286
-437275.4232 -108271.0365
-83286.05112 -54208.26417
-940675.6451 919961.7211
116094.41 -625520.6676
-133503.1187 -798112.9756
560855.7855 -428109.4035
-334071.1058 -841820.9708
-143546.8661 -675335.1134
-148872.3334 615082.6356
580304.4 -151317.3665
-639911.467 -990581.8347
-144276.3079 114898.9901
930874.3328 932230.3897
-559540.0148 -923864.4191
312233.477 -957127.1237
-427928.88 -816666.0689
972122.0579 202135.3179
167182.6619 115482.8393
-201125.0362 -780463.1986
-217966.7366 -268666.6189
-126678.5379 406669.9113
291683.1153 463938.7188
-995817.2895 -599410.4859
-85423.47395 975191.5518
261785.1689 737980.88
756491.4766 206679.2593
-834604.7965 448797.135
297431.9228 281326.5335
448339.697 -533372.6363
-89267.14844 81242.16034
-499341.0607 -308665.6612
602304.9264 -66396.60625
3413.475621 366062.2673
129999.4102 -302846.7338
-620168.6618 914625.4126
943728.6095 -188715.376
-707679.2112 653333.0299
201588.0234 -984448.7304
-136467.582 -246571.559
-555386.8349 -386723.3676
552743.6819 -935614.1272
591241.934 567240.0357
381129.7283 914709.1464
-194283.0635 -639293.1648
95287.93329 748990.857
808750.3113 -571256.2145
551303.2456 -617206.4172
-282938.7183 -949257.2547
648334.9214 293994.8412
-129830.0764 967202.6918
-928558.4321 -158190.6926
779642.8203 -217218.9103
316050.7459 -781916.6028
-963883.2382 368278.9243
781403.307 -350760.246
343202.6498 -178737.6428
-153455.4015 -714240.8479
628305.3691 -476546.3565
-630671.3417 -292776.7994
679183.0713 -809527.3597
-272742.7107 890856.3595
-139100.8946 87629.98847
783186.5881 290428.0269
-705687.7954 476612.0768
-915136.8609 -579504.3171
-93379.84254 -297522.1477
-780081.5771 419399.0794
-560651.9223 619456.1763
-307373.8638 -578078.0829
-314325.9191 -252365.1609
481232.7076 778329.4034
-73263.8127 355655.1171
-363240.8074 589871.5598
-201823.8099 -911501.9864
-440531.5926 700492.7035
763729.995 508249.5213
6092.453917 -583407.2324
775263.1936 -528431.6783
185587.2236 -904067.4594
-463949.3807 -693380.0373
-654010.0341 795893.3062
-261748.9681 -990330.6301
704764.2525 -319534.113
-222305.8612 576933.3056
-868667.3596 -645454.1283
444690.179 990368.6908
404811.8409 -370583.2558
632441.2012 -248164.7907
-942175.8139 623208.731
-727808.3275 -474766.6345
798739.9414 -345975.4024
48430.87135 544624.8744
938883.0412 789255.8046
-160145.3378 -30657.71359
665823.4415 242213.917
406227.8823 46288.21396
826210.3845 -3439.228464
-931897.7374 683104.6957
984006.0463 685866.9764
829457.4767 -746769.4552
212714.7645 168187.0029
-393823.2507 -844691.7504
-293635.6553 -723436.8453
977455.9336 221095.8589
-257911.7974 846869.5534
-41851.96187 743116.1697
907244.9069 929024.4621
124262.0681 603185.1129
819222.5724 61673.33284
-45368.9846 713717.8704
-876639.9255 934484.9778
633934.8723 833368.0272
815086.3289 -446112.9525
819418.8666 237811.6266
413941.7627 331204.2406
398379.313 -491545.9186
372583.6539 291695.5518
-424815.5539 631906.1231
-637462.0347 -966565.3551
753056.3397 834250.3604
89908.84685 -10744.92835
-190163.414 387874.8499
774398.8585 395333.1127
-504881.6957 -684015.2256
865023.7911 695976.7718
-236525.7359 -19629.57826
-97406.87027 67522.66643
-113352.3995 631054.2268
-339375.9399 887989.4022
-627024.6049 639811.0836
-873483.7656 18037.3054
415385.8903 844380.9301
-549194.1462 933380.5817
144853.7924 -842311.1244
-556270.787 -886897.4717
-150482.9085 971836.4774
707422.8768 -785723.3514
825691.5486 -354686.0396
760314.2119 109371.4283
-652610.9009 -661247.1271
-736969.6619 -715742.2689
494902.2739 910696.0328
519871.4687 493377.8846
807430.5639 -551993.1352
-298985.7518 -729709.5654
783854.9718 265412.5922
9267.737068 230952.9834
-516968.2207 -739473.0259
-920230.337 573890.781
-785779.1116 -35211.86749
-956083.0811 -288493.4603
132714.7477 -518742.4391
344695.9682 -539772.6627
864307.0062 683292.6063
953806.6103 -391797.4267
305753.196 247887.2856
575785.3512 334473.073
628226.3378 -806874.4382
186238.8748 392037.97
-882834.386 981559.3563
-580577.3405 -618598.1408
203486.6477 -433137.3954
452319.4126 599231.6289
-526700.0118 -821662.2932
-733580.2979 755187.7346
-820279.1811 120140.416
-36471.91817 -55455.62417
890829.8662 149980.488
-352975.6642 -680760.3635
961226.5217 876690.548
801539.6433 139206.7898
657696.0729 -73986.13973
780216.4718 -26778.61506
165468.0349 353476.0898
554015.1461 154945.805
926652.0529 -760368.8027
-810426.6041 -736955.0137
-800002.8611 710752.3218
928779.5417 246134.7121
62498.39156 607663.0776
-982540.1623 -990303.8147
-560167.7355 -493037.1701
761398.0286 -319481.1152
356438.2895 465747.7776
-685752.9872 305702.0894
-287437.0039 806506.4883
-874144.8074 -132179.3939
778410.2648 -799428.3279
33763.3598 -538453.3073
90226.31002 -649829.477
702674.8707 937317.2804
79664.96733 -461630.8114
-470889.8564 714048.4295
-146970.736 903633.4765
-808466.4071 529931.3404
-738872.1564 -346073.0733
523518.9952 514054.459
-874612.5312 -369648.4581
-256297.3426 462966.5214
-696071.2528 -254537.3609
-257537.1617 154337.6459
996883.62 663537.5903
-135281.3259 -203561.6399
-938416.333 695835.1081
-662434.6494 -562763.3304
138928.398 -156643.0136
-386155.5189 -217656.2872
133159.3958 -504827.0216
-569233.7606 -105686.8128
-868038.0755 627611.2083
142668.6261 -382329.6278
-751836.084 -954252.5322
490493.6496 -258584.4108
245693.0724 -217305.6221
401445.031 -940282.3326
208112.2362 -388378.5596
-252135.6265 87764.23686
601357.1095 -711138.9709
351893.8485 459026.3461
-692008.7037 -917102.6141
907796.7829 149415.606
576210.3523 769106.7312
-734769.241 -260859.7711
-848510.8814 -356923.1725
129290.0827 393684.002
310676.5702 -607214.2062
44194.03879 33070.63218
954073.5803 63674.08402
847486.7571 614837.788
-777928.0064 857416.4929
-693837.895 -131899.4968
722880.6296 -130032.5728
707726.3309 -607626.3988
-312038.9534 -973405.1038
-900561.9468 -48673.98033
-740756.3536 669443.4203
750419.517 -100319.5396
-958911.9065 589978.2981
626898.7907 -45562.75662
946240.1602 713163.8256
-800048.2407 90222.19329
556123.3379 235508.6674
-661889.8605 915567.8518
853169.0718 -111618.937
-903408.6339 -696679.8184
851667.3705 306153.9296
-540845.9271 202514.4498
-396466.9351 -120107.7265
-10800.43226 -705283.3503
44050.36633 153143.6684
-205729.2897 -289920.4666
932.5064293 76881.58044
-388867.6202 185867.0133
786711.6343 715916.0332
-380029.9221 -862068.0058
-585738.0242 -51090.17044
-545152.8685 -112271.4754
-910538.2635 -464946.2585
-159481.1648 316570.8842
-651014.1435 -270326.3281
-848102.835 523768.6168
397690.9084 197806.0898
453856.2058 606097.6555
67378.76954 605506.752
401887.7701 -231298.3009
828641.622 313043.345
670180.1325 -208790.5191
183093.6476 -447324.334
-476488.106 -305676.9371
-830474.2315 721719.2252
-264364.8673 330996.3199
-276328.9169 555349.2065
-655785.3299 -235303.8878
-280396.3014 -933553.1963
638610.5698 -340491.052
-548672.4287 -759539.5781
579658.1873 650867.1421
-104785.8596 339856.7133
-435545.4137 873029.2341
210031.7257 108143.8946
-468237.4067 56788.41353
-799722.6315 573203.4208
-925630.5103 -743043.2791
702733.1433 -423874.4839
-442826.1323 90946.28533
659779.0461 183046.4649
-382170.1516 -742455.1172
-126272.4445 -119046.197
-101269.084 391151.7196
-653530.7654 381281.5919
544329.5484 621340.3404
-793611.1026 172211.8972
534986.6638 953674.6007
223717.4436 497154.4817
-53926.49278 574929.7849
114788.6003 319741.5373
414656.3531 537830.6756
48625.34367 144935.9518
-841122.297 -161594.7411
-603898.489 24702.47044
447624.6923 454445.0581
979169.6727 -990997.1692
-117503.6891 137333.0357
-460350.5357 -159227.1023
544555.0671 109062.4992
547979.1598 -331767.7815
-640363.4438 853792.9515
533877.2097 -298861.2897
690305.3398 791115.4714
-323265.636 970792.3018
948180.0483 -909041.8977
-305771.2456 -652555.7141
145101.2966 807464.8508
575347.846 110227.7716
-764820.2283 -407042.0145
-296659.2846 636743.1005
-224548.8799 -691732.9525
77977.70165 673718.1558
-351298.1164 -746672.3019
-269318.1973 -902889.0167
374975.4964 774376.7895
293401.8562 230765.9242
-35692.05878 750632.5341
-139133.4484 543936.476
-530235.9174 -708369.7971
-780314.6253 -34357.35489
-274875.3871 553392.9301
-374495.5169 -462323.797
412777.9759 -487376.6184
484874.6455 82472.68221
-474190.2518 589845.4843
-54884.25101 -401589.4356
282952.4074 -365922.4893
-169056.8996 230246.4601
37047.13696 -734833.6148
-307768.2592 439951.7575
287240.4604 513100.7729
578363.3496 -847430.8486
75082.25664 -769933.0014
-179587.5698 549474.5391
-769628.0561 -554417.4068
926766.721 156885.8761
867259.2824 -475240.0936
278796.5295 966991.9585
171568.5313 -440792.1221
-324293.2121 270621.1997
784764.3089 -583430.4675
-434213.9985 664585.87
998026.1972 462019.68
99314.75593 507319.26
335963.0882 875046.6552
-370448.1594 -150613.8562
-506491.6869 621124.9473
139407.6992 636390.4417
525432.2327 721157.7265
155314.2219 -584578.2951
547204.8098 691102.2194
-696639.7395 309092.8519
323008.5813 -723678.6679
88695.30554 621086.6929
47036.16244 -389247.3333
590357.0075 626937.56
-735473.1092 321623.5789
379180.757 760819.3492
881966.643 -914403.7737
571142.7414 57406.4517
-164240.9528 -129504.0835
-162678.6515 -482603.5742
-714373.1041 -471207.4773
630285.0101 -980853.8741
-91932.30532 -927736.2507
-408689.3556 625569.5007
501345.6931 -562552.2127
-310985.5589 970967.3842
-421931.5801 36759.73679
-279222.1195 334610.171
-542339.7041 -869634.0638
-725959.155 -973480.5274
-339183.0711 -527841.8859
1915.71357 -406477.1755
672678.1897 991063.8699
-672798.2599 -9736.584844
-263718.2014 -616458.1136
996473.7055 53239.77062
-508011.4273 -471939.2769
-686840.0445 -505375.2678
-584104.117 161493.1143
-466061.4523 -746793.7076
-538367.3075 752016.1663
-226165.591 523124.3153
-969042.0454 -966926.8893
392795.4429 375626.5768
805153.9537 -430544.8884
-538257.1212 -250402.2457
-597349.3367 -478369.9874
715722.2044 -195117.7866
772419.6507 966708.0273
583701.6933 -854930.8621
-60646.52928 655887.3453
-992220.8607 -483302.4378
-363742.7923 328102.0747
-878637.816 209799.5878
679225.4925 19896.90717
-163024.7482 -365187.5247
-921123.625 741064.4065
575849.2338 -259447.1421
-77475.34834 -234020.4602
279016.6058 -958953.7007
810416.8733 -139741.6026
-70454.07583 -519828.206
156367.3441 541725.9169
-825841.8673 904371.1204
-692100.1564 113608.3738
-308911.9281 316894.2601
976735.15 561887.1199
45087.58929 53209.51943
271119.6401 -219109.5514
848579.3379 -272841.9013
26603.98344 796298.0912
-408649.7586 -190153.5334
-643336.3288 412898.0102
271348.6222 -353319.1835
-370149.1533 -158393.671
247017.943 942176.4503
-679514.5512 161188.7984
10933.53057 -111807.2651
-994142.9506 513166.1172
750022.3281 -309018.5588
-258137.0674 -399673.7377
-464271.777 171301.3474
596353.8211 154912.5436
-817555.0145 -139292.0948
934893.9815 -43680.91669
86440.08591 799295.508
-557075.4355 -238675.2191
181057.3293 66637.12587
842615.9279 -69122.22285
917249.2852 75485.82338
717236.8509 -125455.8482
-33775.84908 694975.3075
913235.5038 164452.158
145618.7215 599213.5869
-826763.83 -762373.5349
-88295.39287 820597.3882
-561839.5127 -147778.9852
501677.8066 -759746.2017
632303.3018 414330.0685
-674943.3599 487687.9026
-367332.2774 -559584.7591
-126851.5197 -461642.784
-307423.0172 819156.6774
412348.7693 -708237.2085
237178.9553 335005.4733
412166.183 -938043.7208
603151.507 127.8557664
198952.6812 108072.0895
404830.9178 206445.8176
-306254.4232 -366137.6736
-570184.5856 -747616.1577
-316710.1912 -193686.7667
496860.1096 -982079.0767
307533.0573 875559.435
-799673.9396 953558.3997
284064.1979 943234.3045
870717.1966 673482.4649
849535.5257 -841744.3002
-709804.6698 -848414.181
-956761.7859 332985.5704
-103764.7346 715510.8789
-411057.342 -913149.5866
-653313.0145 -444378.0538
684419.0637 -559785.6646
-790168.0073 -474559.8372
-58772.40796 -574288.9903
509324.0589 292197.7936
445812.9876 483592.9511
-893292.7554 647001.2724
-615869.3061 478842.4843
47150.90385 -689022.1284
734763.7369 -515796.0816
-396048.4549 259340.7739
-310243.4663 -463714.0223
187805.5873 -35132.22869
899520.7401 974368.353
970678.9512 282865.8148
-606854.4398 -912988.8565
-544206.3672 -930242.8287
-486991.1878 -898652.5283
-451433.487 -641911.3733
989185.6929 863243.348
-353930.5568 -173731.3503
-337697.815 -334140.8155
-48706.00207 -68295.80652
-865528.4283 -196987.5211
-911439.7073 -50594.17322
403736.673 -758853.7414
590942.3577 -427232.8363
239858.624 587613.5777
-305774.2601 -228196.1528
844147.2246 -734307.4385
-394829.1593 908419.4512
533587.004 -226885.569
424289.0638 798685.5691
-961194.5755 -858272.7748
432110.8334 -663187.9377
177339.9614 -254580.7357
-739427.1219 -188150.7593
-613404.4698 -227109.2604
-909152.422 -799787.0262
738632.2554 182226.3242
266916.155 -783503.7096
634317.4427 -455253.921
-747930.1151 538843.4993
-368331.9303 272172.3565
206243.3994 -467382.3759
-991983.4781 61110.45687
-451391.648 28353.28994
703539.0152 346134.9272
-359119.9388 -17031.06647
-776667.5096 -30009.92281
-486334.8381 -386264.7347
909512.6152 331218.0703
807611.589 500071.9444
-977500.775 -783942.8938
84808.09696 259323.7967
85076.41015 69776.31292
-626209.5624 -84979.81442
-134079.471 92275.49923
540673.3411 473217.201
732672.6745 152715.692
-903753.6057 -783967.6151
743635.5764 523819.9813
-458125.7487 -858042.2264
527944.9396 99827.0979
432572.6264 309011.3354
-156032.6096 -181172.6595
-30626.54474 -720789.4089
447444.3447 658323.9392
534976.5124 -570106.9212
-349158.488 -813107.4714
695245.7784 269798.2753
837877.519 647732.0392
950441.647 717371.2731
887847.4401 499806.4935
-356707.3631 791053.8816
-37276.60413 69743.57769
530359.5496 -271953.7689
-526959.9635 -739590.9108
-500525.5082 541093.5682
382446.8152 -711475.3838
-70847.87679 340419.305
-4497.94232 699113.605
-497332.5012 -53253.91133
231536.6726 -897966.7115
-227811.9948 99382.84399
-300374.0223 -759047.3298
649353.1759 -129277.108
775244.8198 -483400.6552
-314017.9488 -157723.2196
249781.8631 63717.72159
-746386.3471 718700.3344
-112577.2009 -729965.7774
-622559.2805 376326.9914
475358.1588 75084.86532
104756.177 -821548.5346
-841163.6513 230515.8414
-404814.3465 697283.0457
-170150.9497 247742.3454
649999.0616 729011.1086
267726.602 476811.9965
-585780.0843 929733.5873
340331.2786 618182.6266
-687224.6771 333920.7822
76128.1696 -374740.3986
708723.0515 398702.3362
-306364.4611 465297.3678
-348258.8881 -117100.6031
-122494.4765 266845.0404
-708357.781 -579229.3789
973646.799 -252031.3772
-21453.00011 440991.3399
557741.045 511518.0267
-103587.7979 -871128.3625
879569.6123 -991120.5014
-426844.5594 815292.5832
-676686.2756 -194948.544
-607706.4456 605254.8133
-13782.48004 453226.6279
464225.7892 -580182.7898
33917.68315 -126235.9327
-504153.4676 -261725.2296
543033.3322 -228810.5538
-218133.4798 943230.6526
-648617.4229 -60852.07892
-228403.6596 -498853.9819
-571494.6382 -111603.9373
-71252.54202 424069.4364
-472941.0031 538684.2579
-82667.67277 603858.7591
-828786.8461 -476880.4011
-52222.57135 283187.123
993115.498 -487361.1492
170196.7615 439855.1799
-650020.4325 475739.8493
443118.9036 610290.6623
768464.1293 274500.1051
-435310.9656 729376.8265
626551.7533 365521.2439
266223.1535 -372120.6744
-161212.0902 731979.1247
-650491.2823 -906438.8087
31425.56294 -219291.4958
140920.4638 -969687.2954
-144596.5007 -583606.1325
513662.4497 406119.3312
-727505.8398 893957.7097
420635.8309 913953.0894
422131.9299 -166486.7152
-418818.0808 417389.1175
729042.8642 618726.8129
581208.6487 -445109.2535
787965.1383 657062.8591
737092.1726 992424.8547
-231694.5334 -938364.9756
-1510.581981 -139384.8121
445896.7947 128551.8051
-877149.7003 45519.85619
740413.7866 767482.3313
528130.2059 -538857.838
56759.42569 972965.457
-397508.8136 865020.5665
-71668.33186 69960.82636
-93035.7144 -556706.4666
253911.1715 -552312.5989
-746239.0667 16485.40748
-414251.9248 557322.8168
-574449.3004 784226.7397
-436818.7009 680490.9337
-199295.005 -8420.927715
289087.6699 -548927.9318
-228515.8519 -161226.891
-65079.21818 -386284.3372
-305217.0602 995264.6211
-498296.0795 -989049.3452
190351.6997 -135541.4661
737243.3331 -14.83976438
22229.66533 278945.7315
989690.9107 260338.1235
272099.2617 719638.5663
-778590.3996 984538.6023
666503.6369 804732.5213
-759570.2174 -80650.48105
-693212.8937 -743409.5029
-243054.3555 510673.2645
-646587.3492 -496552.5387
-45776.78565 -978097.3551
104928.6417 302894.8974
-426403.6906 -731480.5701
4913.305405 -833618.9343
-6093.629471 582029.9591
-408196.1679 -124554.6144
359867.4016 -260801.8961
-542973.7193 -566626.9343
-309277.9438 -226115.3029
-448058.5289 -423995.3684
873523.055 351299.4857
-269154.9814 -381993.6837
-919184.8072 845021.53
-907876.9314 -170435.2321
-519616.7531 413660.8516
-102568.7004 788996.2283
-58616.71104 -125596.5933
932833.4555 609901.7087
937086.2113 661508.142
-912793.6023 39588.79214
-178026.5346 413591.2991
-849681.3408 -112008.1226
-240605.0479 -717437.4798
-667490.0587 -458263.1059
-822486.3925 -418768.7847
-729282.4717 349308.5451
76109.87778 557865.7618
14240.83443 -756055.0045
529827.5179 -141040.9801
-62186.46169 -178746.3429
194510.9317 -133305.7061
-405131.9856 -384916.3236
-432739.1 931727.4838
733869.9764 272060.3671
-105653.8796 10490.56244
199541.3619 -187837.5065
-354093.8332 468536.4359
249245.6027 -431561.4071
257889.026 692214.67
-866899.3594 -285245.9855
-749629.2017 718978.2408
-623688.9355 751465.8739
-218077.0484 -518375.4299
-673730.1483 727102.2774
671174.7454 -805566.4963
-579029.2105 -455817.5568
176376.9725 -663536.38
-129545.0783 -223395.6227
-205617.5871 994699.3166
994578.3042 6497.962815
-320585.2483 317745.2989
386043.2953 -126210.6397
102347.3171 -221159.6758
-469802.0709 987150.8661
561202.4419 -437104.1049
-829862.014 -865150.8867
-93721.41481 104119.0773
175149.935 -522956.3016
592230.8289 686425.6607
-604613.1493 87407.81408
-141.1279371 974085.239
363168.0921 -741641.2685
149123.4352 -441279.8907
999533.7373 -734965.4479
292106.1055 918403.1739
-810082.5134 480837.6175
-458020.6668 222305.7372
434015.0487 867732.2684
402310.565 977295.1345
381320.9893 -569566.8111
-825598.1455 467307.3721
200447.2583 -837859.3669
695249.7822 -768299.2711
311711.796 -741183.9122
-170722.7195 -793109.4281
829814.4801 -249187.1914
5554.932599 980058.9244
672281.5811 941524.4534
423341.2193 261675.9169
-131722.1174 97140.12469
878219.7085 640982.4269
540323.0819 905882.827
-888956.9787 307780.174
-651028.7502 -347664.8031
214558.9908 212011.8772
-230747.8181 751046.2181
-598902.8222 148134.63
431714.2319 -871198.3203
-305418.7129 -917739.6251
896674.9992 -388851.9785
540170.7425 844642.9434
-445015.2069 685809.6854
-527693.3534 610199.7389
-773897.5533 84341.2598
469803.3572 320219.986
230461.9306 -797623.2577
-145789.9962 486929.4752
721741.0664 -615949.8002
856784.0571 -214653.3837
26029.19814 179805.8789
470211.5878 -710124.1208
124314.9974 -285663.3832
827817.5199 -161371.8719
433809.1359 -352957.9121
65874.80706 538855.9705
476710.1205 -159994.4696
371171.6387 887464.792
-46844.39091 -929612.8192
-541127.5011 458931.1924
876362.1217 514940.1487
787662.5011 933170.7345
-570146.1967 -772361.6357
800165.5785 801634.1221
104118.7329 -899737.7152
993246.3398 -999648.6825
-315735.388 -407970.3541
758125.2278 485641.3034
55342.55751 681906.6687
-71212.55637 -689138.2873
896587.0004 126095.879
672840.3762 813447.4061
416249.8859 161106.371
243978.7328 -688959.2986
602366.7421 -688096.1779
891126.0497 760128.9487
63434.24535 309703.6191
864390.6153 293153.7113
-415006.5355 -269892.2178
465666.9031 357353.4611
-214609.8481 -243081.7217
297939.6666 -597540.2271
-290014.6686 432542.2969
989793.9948 -956425.0482
569103.4195 152634.3889
861512.1739 -179701.1857
907621.0645 101984.2064
31628.775 82227.45301
306591.0654 -494528.8343
344656.5327 -211974.9304
701934.6728 -532279.1481
-741335.5347 336231.1367
-27964.49513 404990.9356
-674187.8175 390479.2241
-107184.6338 -214338.8236
-619626.636 -152278.2479
28086.44889 552497.0312
391837.7774 -293335.0149
703344.1459 675628.3508
650973.0004 380592.7274
-725653.1296 -443717.4489
-810885.0914 -53934.04591
-967993.898 809648.8023
801739.2961 -771051.2512
-180941.4841 -884929.5982
-614696.8031 -578258.1928
973824.9146 -784991.0406
571307.9836 767680.2075
-330327.3894 413601.1852
-302439.0611 -969707.3875
262920.698 -419498.3649
862690.7655 751315.8972
-856579.8948 -883664.2799
703210.7919 -589988.9364
260793.2908 -275351.1669
712188.9892 -56485.3993
806147.5769 -676658.4578
-390560.4483 233874.398
789127.6811 6673.799773
-862555.6596 -640539.616
688555.9004 -735932.8614
-251988.0516 517431.417
166565.7618 958355.3832
-557495.1121 -407163.671
666961.5848 -462122.6929
-625732.2119 -172203.1022
-49244.21539 30017.16985
-522606.0783 -100382.2725
533345.0236 161505.8348
883235.0435 657510.1776
988684.8041 -21648.42478
-285634.279 -60423.53333
-528126.6559 -617045.359
691846.3585 371871.1089
62110.21783 -766381.9141
102088.9779 -492190.1655
527309.7017 -752321.8598
-648692.3306 507471.6347
394074.8707 -711485.0912
-107579.5093 -680230.7714
-427696.1379 -914774.2331
894558.7166 193053.9609
-458679.3833 971803.0253
-704201.7529 706099.533
-764335.8899 -638216.4259
292055.6139 276034.8106
-243886.9729 736264.0628
240729.3021 -528401.1271
116791.7198 213787.7756
-989652.7677 262964.26
677506.852 665231.9409
-54721.48236 -420046.2967
-232634.8066 -934014.9959
-438193.3137 654479.4084
-125427.4861 -330175.625
157210.5009 -720643.6257
456627.1734 420524.6858
-788396.4986 891344.1767
217002.1237 792830.3553
47600.16789 -609475.0595
878241.8982 679663.0253
136409.4971 749029.7338
372531.2318 293657.5463
577933.0319 -917453.9491
-511828.2026 -954018.7899
935554.4172 844335.6205
560943.9485 -641755.8345
978105.6973 263008.1543
-44431.62061 861267.5723
-85981.45184 83624.57905
-341491.8409 -669118.3819
467233.4474 313503.9548
-463602.479 486501.8251
100168.4507 -54904.60227
870917.5559 -562413.1759
241798.2281 727357.0878
411922.2623 -536077.7215
325647.8933 -325017.7794
-1578.414616 -985908.0517
-201520.2304 781797.7646
257273.5256 -799246.0526
396327.3917 717286.0166
160367.4594 81753.15636
-718295.4282 165501.3277
779177.174 203847.1443
860931.5189 -961550.7309
42919.38259 -617489.234
-969340.7421 645019.8305
-899726.3266 -118606.8314
-252022.3618 550125.4519
-92454.62214 -392411.6435
-667563.4028 -449122.3831
-970165.1276 195629.4234
4622.467306 610040.4886
881010.943 -756974.9771
-944410.6144 733427.6232
476364.9193 -963874.033
607274.9386 -622788.8306
34435.08868 140925.7027
830429.3161 -330612.3627
707240.059 -258272.7815
-298801.3348 706679.9255
-169798.8576 -452189.1492
-481452.0357 397304.0134
26527.33984 991747.6079
366136.9616 -682631.2741
-987085.686 -690844.8908
-469330.0421 -576990.8988
275029.813 797137.8365
683144.763 -978550.9647
777818.1974 953685.8917
-511071.2375 928253.0981
830505.2183 328854.9743
678743.581 89098.69698
650048.2018 -351281.7204
698848.2198 801826.8273
650061.5965 -798343.5704
-688757.1347 943862.3688
-485222.4041 708115.2728
-196230.9722 -623950.4201
-188861.3115 138743.4495
453889.0122 -293652.0824
886473.0407 718101.9389
-221079.4242 752606.5227
750886.5528 -12625.77478
-891799.0192 143824.4287
-647588.6959 63806.88823
635438.4593 880561.5644
-931742.353 -998520.9642
111927.0535 300916.0509
481370.3985 -813094.5443
184244.6326 397460.4702
-855110.0141 -67727.6966
25232.96361 -284140.1209
609635.6822 977173.4779
-655058.1422 331567.3965
773218.5243 986837.2225
73225.34123 518439.6481
523941.8193 -122009.2417
-885624.984 323210.9383
337536.8267 -909976.0399
-474902.573 -501601.5413
-244387.2876 169002.858
283288.3736 -219457.3815
-354576.5058 -658083.177
710702.7257 -634884.4345
-744815.9275 -404600.6687
-557871.7004 615884.7642
49572.71566 -697371.5738
-741828.5251 858377.4244
581169.7333 941935.6224
-603559.705 237861.4207
12703.48707 707111.0792
142091.7482 -129641.7551
953332.3981 523193.5227
440107.3685 532979.839
544985.8959 607576.9802
732734.4716 269504.5949
-362046.3089 851731.6132
-477518.2637 -251345.5037
249778.6456 -862398.3481
-18797.93842 -289277.1929
932229.24 542123.2721
210309.7303 -516956.7537
247022.212 880618.1468
224894.9241 -420990.9458
-157342.2201 -847337.28
-984843.8316 -529724.5674
-958605.1758 267952.6258
551496.5027 -67446.81677
-222488.1123 -945665.7433
-274599.8229 670282.4119
-985927.1783 -984630.4233
186279.1407 727654.2863
-488626.7019 820319.5186
209219.6972 145499.6549
-823987.8925 -913595.8653
687437.4904 276789.6789
-544737.3065 -211679.0557
-29008.19329 -659556.8349
860228.7264 -526776.7702
752415.7646 295973.7049
-39168.21566 477521.6792
-787440.6785 407589.1447
-853010.7496 170360.8841
-803638.186 -493723.7495
-921120.4428 -329691.4235
990850.7997 107632.2237
-716000.2698 -542769.6006
-29496.68252 -693150.3555
781538.1255 469662.964
729397.1265 884888.0668
759372.3148 -427008.0594
56346.48278 840893.5544
169303.055 486095.052
843789.4455 -373844.7484
-298789.1113 -689456.8932
478863.8699 788533.5911
359636.3247 216436.6682
-332538.6206 440504.732
-63188.37756 -620639.6037
-512035.2977 -280690.8522
-372216.4264 249563.1835
339952.2333 -352139.1824
857290.4273 870004.8352
269785.6593 -783878.8565
898357.9688 908165.6465
914461.8764 187910.6102
471454.4286 -984325.7737
153416.0449 -596537.4362
-820155.2754 484036.2787
342531.0649 -81402.32705
-712117.5111 843889.799
-928197.5914 473841.4473
766870.3014 -743733.2727
585152.0068 743147.9456
782832.2205 296726.6537
-538781.2764 973734.7735
393055.7823 -3929.494377
-913690.8124 395510.6751
432190.7513 115088.7688
630280.928 -41104.73671
-618988.7473 -323963.6025
663202.577 -892356.3167
-702571.855 378326.9039
337119.666 -511332.9431
-360985.6673 -212836.8153
-485534.9032 -723054.1496
-795963.2161 493615.0351
-153975.0374 952592.3119
359590.6729 777838.2647
-556871.8682 557713.8722
755428.7203 -173386.0582
-15487.35198 407881.4776
-60370.23284 -449820.2133
-605645.1371 -801768.1556
585093.2909 880365.397
670397.729 -704995.8282
51339.36379 -322900.1978
143868.9895 729509.8773
129531.1712 -284185.0615
160777.5609 -429758.191
31787.70659 455471.8687
-568782.9345 -848398.3121
-412017.4427 212181.2574
-412613.0462 -932667.6836
53450.53028 -242022.2541
-504930.4597 678810.4223
-976791.2329 -710015.5071
-949676.1859 940307.4988
620110.1737 -323891.7698
-317598.458 476994.1951
-58488.88321 49551.0111
63247.49809 658222.2596
732784.2997 -661012.9338
-963329.972 360505.464
762645.5145 -372708.2517
-120744.595 491716.5333
20689.69762 -552559.8556
-680987.3251 -30563.30533
636991.5868 969960.0771
191664.0389 -921013.9036
463933.428 471833.8285
217790.6006 100301.4667
-285721.5068 281101.4892
-870838.5566 -51828.33657
-246917.4147 -301396.5271
987294.4492 -814125.9184
661873.4362 -516431.2375
-360622.2753 983198.7722
-12884.74556 208854.1933
294057.0497 266363.5461
955626.6096 267061.5105
737065.1807 272997.3474
-345241.6078 873440.331
926311.429 -547790.9183
-43526.49665 121592.9704
521443.4339 -187542.0592
163273.7859 -699562.3579
846276.8137 -492379.3984
990190.8113 -241032.1195
30922.7789 -462981.0118
-496820.1869 -20267.83354
685577.0041 933402.8463
-770419.5067 137796.3996
320345.9324 992945.4369
-613742.1857 -692582.2103
-330828.5847 -760079.6105
891370.6756 -493625.8023
737237.5913 139057.355
866103.0493 512178.3068
587731.9241 -503068.8271
-131768.3357 445515.7627
18025.77768 65902.61873
501715.0331 897189.1166
958449.7893 887521.8823
485981.962 -423439.0044
-144883.6774 -726780.7515
225404.4676 962155.6808
-671586.8327 176873.6253
-772516.7097 85958.14066
-865299.0256 315887.7532
-427749.2029 -434959.875
960125.2482 480016.7572
833645.1707 -891846.8094
683702.8726 -993327.735
720432.4089 107275.6972
-781963.0511 404825.0575
934919.8242 40485.45206
251461.5738 596218.3441
-923018.6773 -652336.2945
750874.3567 749627.1797
143945.6429 -835183.8772
527747.0896 587476.4063
81821.25486 -632157.3719
-839206.1877 -629414.2067
-619958.0332 350033.9054
488700.4872 -131637.0814
738784.1009 813410.7773
-346165.4553 741729.2728
914382.1658 -187588.1606
-340827.9645 20076.95695
-551088.041 542921.205
524106.8774 499300.4094
-677163.6617 158478.4213
-632651.4635 464533.3537
813507.8903 -140448.198
226741.9076 852690.8893
-950885.2734 -137379.5042
304471.7287 -537437.539
-481758.7476 -19158.78894
447934.905 -228000.8798
689453.9084 363914.1328
-735879.2201 111979.3129
260728.2063 951075.64
100550.3125 455959.8965
-757599.6757 -833338.3164
-178051.6418 159130.1955
-347494.3886 46583.43958
731590.8472 510999.1831
-559439.2185 -517318.5256
802489.3627 510427.0826
-729044.997 938203.4921
801187.1432 -387964.1296
11631.60452 449473.7319
335923.7565 667308.9304
204809.0579 -319327.872
-135937.2531 720362.2012
154957.3515 537646.8508
-71697.62855 501557.5881
392564.4539 -154955.1121
159114.1182 178832.1806
692128.6509 946723.6835
27784.58718 233635.5292
113019.4571 -834198.7092
81551.9927 -516622.123
-856889.0754 -713479.8161
-638381.102 -731343.3353
-756618.5986 -970540.039
-982209.2507 -554991.2127
-934219.2386 35624.78891
-962583.2719 623775.5232
174088.1955 375507.6861
-896763.6077 852372.9447
-321873.6638 725545.8034
-648769.3647 211179.1109
-97249.22567 870320.6537
-697691.0359 -926006.2626
521872.6614 -179018.7909
591575.2805 682109.0509
-170032.0789 161997.2277
-813524.5759 878423.4523
-578268.9892 -598255.3974
-129649.5535 221532.1532
-31915.66829 -250426.8819
264431.1612 177750.4709
461010.3301 -211828.4214
-89932.99556 724127.4002
-488377.8727 826640.5484
659113.7842 300469.1877
610658.9959 -156492.508
-57649.76576 91482.69066
-68227.50233 -639688.0126
-478336.725 459929.2709
-816194.4945 -972900.9349
273433.9312 -302741.2537
-943474.0483 -574791.553
-859302.7253 889220.2026
57723.51298 -188898.8815
-593079.5181 -356054.8358
-358723.4057 723386.6711
-174128.3598 227189.3895
-594415.0546 -520112.1151
882314.338 142793.5084
-52154.24075 -124856.3257
396173.6808 -854277.7375
-578979.4158 -593980.256
-530415.9248 -481905.5724
-409911.4813 226738.9139
-935286.8721 -71233.54008
-44947.59362 -795657.7344
-612758.4385 -329031.1444
-317829.4802 475691.76
272661.783 893866.6645
415373.6546 557459.68
-40060.56667 -438199.3754
295553.3605 -832844.8661
-740863.2441 696326.3092
-552762.9838 694295.5927
360789.8386 -425513.3355
676356.0803 64754.10641
385660.8468 -374688.1988
-168301.6758 161190.6908
580504.5447 -157671.1278
855990.2873 -580624.5299
-658048.5696 599117.526
242920.116 301911.9773
821156.9855 -181845.3782
-359343.146 -551172.8831
620997.0967 -612629.3126
573469.8035 -470847.6354
982223.7945 743190.5003
-504860.5284 497682.6109
-734579.497 -295249.4992
238044.2308 -619351.6922
493201.8512 -422621.1983
-61364.15718 559806.6406
41372.7042 828402.4606
-705720.2568 714325.0412
-333133.5085 -662301.6211
889477.8339 391316.0252
-334211.1776 328429.9898
979470.2972 -36500.97508
-13435.75702 -877402.1578
-903246.3857 488691.7524
482532.9294 -620390.5196
-423006.3664 -490524.4715
-227612.7859 -297925.0853
-691237.4346 -457054.545
-382499.9917 -377779.4141
60382.74699 -603661.2277
369290.4478 -889058.4633
-774692.1717 56520.11692
125185.2257 -204105.8575
-888343.6756 -796043.5641
174422.0845 -399637.9014
420828.1446 968153.9125
-742584.742 225793.295
-721669.1997 -894130.4888
-464624.0471 623797.7703
523454.5237 844210.461
97322.40431 293086.0451
-434077.1949 362137.7219
-931616.8048 -832384.1087
-308704.8016 325060.3402
555414.6997 -392034.1455
-928849.3832 -546676.0002
673415.4664 -544346.937
-505425.1826 -119615.1832
-546147.7612 -701243.9601
-255794.8229 -269883.2046
511094.2023 -10693.02906
-40599.28134 -137622.0182
213633.4974 -774242.4794
887756.7016 -690515.5079
-4113.702337 841924.3626
-258276.1307 -318573.6604
94931.13166 -924266.9294
-847232.8665 -792759.642
754756.1008 -616091.5741
-612042.8596 -999218.27
587996.4932 -256432.9817
-390114.9731 -141098.4425
437832.2486 -687725.433
-931163.5827 -681637.8229
360894.7086 673603.2348
-562033.9685 987270.3109
793087.893 73635.05129
-484813.7407 7914.138376
242244.7831 -479947.2608
128932.8918 754835.3288
-776816.8952 121402.5967
716743.5926 630924.4691
392882.3908 -888571.332
-42213.29992 -371273.7072
-918323.4688 -392872.1743
827643.1931 826107.7008
335821.7459 -789788.441
-444990.8844 -832440.0222
-314002.7283 -713579.9722
-312006.0865 963682.042
625749.2112 90697.05668
-469039.7873 -705961.0763
-842039.9268 -758.5115575
-719266.3109 -72038.9196
352022.8504 372475.6475
-845961.9509 -653714.1429
800310.8127 122378.0942
493764.3385 280886.1538
109790.3997 367666.3027
456548.886 287582.056
951424.5318 -527061.302
-519197.7789 223164.7835
-232871.896 -872696.9364
-318261.6099 460597.2073
619437.8769 520627.6872
-610962.4105 -972430.241
-278008.6515 919808.0247
753739.8765 -688063.3208
197457.4314 -886562.5328
-176378.4447 -995874.1532
795128.2006 312366.8262
993112.2833 -624250.4898
-350314.0386 745632.7708
467974.3088 -644013.7266
392486.1466 -75560.41919
-281670.6568 -873777.497
85881.20695 -749429.3112
892992.1524 449240.789
-390292.5576 608015.2805
-376478.0782 -963023.5137
-779588.4842 835566.1836
-266757.127 253532.4824
972235.7346 -793023.1729
-162612.1857 432049.2534
253556.8573 449293.8767
-293217.5083 -525044.6555
284518.4417 -312112.2242
-181293.854 -581519.8371
-838724.333 -746226.15
611652.923 -376892.6317
47233.18511 -224932.8073
-704225.6542 -865490.2804
-358307.2564 624667.7265
-476131.803 359071.9594
-847432.4764 218974.9082
-210794.2054 339097.0271
-761575.6333 -455992.2645
-434054.1566 62668.31699
325009.976 -45599.71236
-155702.4586 -678605.884
161006.3901 28562.08994
-541484.3187 313388.6097
-373725.5412 848824.3872
-90285.01762 -845272.8848
-559406.9877 2225.592291
730020.5761 -10532.0325
-428802.2392 641688.9315
724796.1989 555238.1397
-259786.5088 -712869.4778
888235.8417 327367.6747
-702771.8613 -417058.4675
-481042.7751 328547.2788
454472.2213 -158572.3604
988498.1903 209753.2009
-326002.6017 45655.48523
436588.3652 -795093.6457
580740.1263 -401422.7713
709631.1514 185493.9694
-924596.5859 -656668.6342
102047.5265 540060.4825
-672833.5961 376747.959
-470329.0807 -115353.4344
26298.86954 -182475.8031
100010.5675 58025.45789
-456311.0902 -674537.7144
-840455.9761 -899011.6503
290972.6221 -210152.0566
-524902.3941 -395052.6686
-862209.0828 725966.1235
-695057.699 -420242.8263
-966893.9011 529707.5042
-849027.9661 -126086.5642
345998.0639 -893508.6735
-794604.9514 490960.429
-516674.1249 55233.40188
908988.0293 -248636.7329
-912005.4551 218305.8976
764358.389 281063.9274
765018.6635 -606069.81
-370723.3844 -244917.9935
919536.2779 983637.5935
-62850.15174 -252826.4252
672885.1893 -779048.4258
153045.4074 -520556.5318
111141.8382 547188.6713
117516.3294 324388.3218
59531.46569 -412619.2077
559319.6066 -805095.0813
490024.2531 757135.939
822411.3331 105773.5642
-168182.0059 57365.60304
-922092.4483 163623.3282
299578.2763 146703.303
155409.1745 -714198.0224
-104394.6802 658786.3796
607776.8805 -462495.8537
515436.958 875378.9876
-744881.7212 358237.0079
-152311.4277 -565469.9048
-104003.0425 673975.1559
-119870.7501 95736.77765
181453.0205 -750190.5238
-876983.1775 747786.582
779490.4041 -113731.6256
624070.6187 -751112.0223
467909.1591 167122.7401
-430170.9994 -217401.2099
-886478.2698 112537.2146
-419902.0771 335731.0139
-401656.984 -588595.6412
-154059.3048 -388625.6521
114417.5416 -514438.0401
726234.208 661878.6278
129906.5591 -411651.3294
378126.3303 -671291.6648
34643.93349 -213394.3928
-254604.0733 -887217.7042
101837.7653 28013.51186
-211259.8329 21674.60714
129310.4168 122741.0606
-272662.8606 464615.9966
-649079.1894 333064.7846
-210623.7009 -310547.6236
736128.9305 763836.8842
-44784.52042 -525325.5743
-253859.1096 740102.5807
748288.3723 58464.44592
847327.2367 -22170.84077
363679.2419 446874.4519
-22166.04092 -7876.154762
-704865.9459 571208.256
371895.8907 240119.6211
-323661.2119 672066.9868
-669687.8676 -986154.1197
-451833.1476 -790114.2801
92360.54576 76148.65594
498711.1724 562626.8918
-710854.3461 -332010.5565
-655438.6124 855613.87
848329.9422 -492188.8896
940849.2142 -50960.38908
-700521.7918 596795.8544
-547390.2513 489374.3759
620003.3366 698298.9678
665334.0816 232956.5686
651790.5843 -410950.4852
-673828.798 709759.724
558027.0267 -871271.7295
-711568.3304 723563.1715
856787.1217 -696007.4019
-56102.74566 931251.9179
-599951.4194 -430868.8302
-115956.7958 -801176.1128
255089.6649 492693.3978
255732.0084 611489.4209
338010.116 -269787.5121
-736517.9541 -325883.0245
-365727.2313 -796035.0129
-265636.4555 251384.7411
-612674.127 -360185.5184
-42243.68405 788049.9515
160568.527 520219.9187
904867.5346 114647.5614
417544.3122 -620000.358
617393.9965 860909.7019
229999.1859 -633061.495
706712.9233 860944.5442
413459.2105 -595590.4551
108870.7359 234519.499
-125294.9134 215033.1585
932468.8431 521785.6094
-116209.8505 -381386.7527
13898.50446 -497932.8766
802644.2574 451048.2969
-101062.7721 208188.5491
287417.9187 248784.2525
-442861.9438 308886.924
630033.6047 -654218.9109
205643.8075 -364924.5507
677050.0425 -852634.2015
-164937.3311 369839.3375
911035.1078 812610.2203
256138.9995 -309371.1467
222512.2665 -189263.271
456942.6919 742712.4271
-301208.8625 -494857.127
-59059.97575 527718.7738
37654.99613 484599.2545
897640.391 755090.4849
564969.4246 709289.2592
89136.95077 479344.1631
-242944.2085 196005.0726
-461682.4406 -328536.8649
-743378.1876 -589877.3038
-185255.1482 -79225.15773
-202072.578 182089.4429
734091.4713 -989782.6077
-418503.6994 -738777.3638
275308.0786 96274.12366
-840221.478 900341.4862
-675593.3679 -743100.9576
169218.1546 253485.2138
834436.8986 549385.5423
-271697.9776 232369.3833
-552924.3046 -467801.9979
360987.0707 667730.279
857032.5213 666041.7423
894219.8572 670773.3308
-325079.55 -752251.1818
156792.0401 424494.9757
19375.74871 -624758.8175
-419833.6108 336721.7032
927239.7208 980570.179
-674738.1556 -492135.4727
-96397.30701 622972.8135
545660.2771 526197.2532
-55911.08711 -219752.9651
455946.1626 -333123.1701
-260329.2662 -160293.2022
-276829.1187 -179767.2678
380105.6679 -938237.0508
-466503.045 390256.67
37728.102 -871888.9983
216451.5804 33588.87647
252329.4492 -114205.4062
-656946.6124 93264.3115
-490791.7485 765051.105
-631445.4517 866667.4588
203675.1124 66631.0593
-831688.0021 636959.0788
316969.8021 -174045.5376
-461811.4667 918048.8508
-439231.801 -239143.4636
621265.545 -656218.2348
870722.0897 872560.2734
345121.7771 -18614.36412
800640.1825 904536.3661
-929524.0959 -383277.0075
-14133.16874 -391948.4146
-32825.4963 -305488.1018
373373.5855 523216.8219
64874.89996 -449019.24
386833.008 282550.2032
-973524.2334 -212902.6127
-511923.9568 930605.3319
708926.9986 266850.9756
-390785.6843 458051.8538
-610482.6367 -800079.6079
-295187.1308 -116763.0257
-855282.3938 -989218.111
2097.277537 966346.5741
-888984.0671 491568.3106
753496.9991 358548.1195
-703750.6738 -743130.7931
280056.2455 -377767.3854
-318549.5151 329246.3551
85073.30195 186578.2455
342809.9805 581410.6324
-877199.8505 -48112.00974
-44193.84138 -261048.4596
-486417.6444 775020.9194
991153.1959 -305049.909
-989530.2383 -198841.6288
-713280.1313 -604069.5497
-381771.9223 -678337.3872
-202652.5662 25428.0954
-426321.0327 278217.1482
72530.77307 173627.7921
-87931.76758 48602.62351
153176.8712 701640.895
381785.9396 228836.0727
488923.7257 -916001.2479
-387971.7975 -152663.5373
-600898.7837 516043.3057
-876848.4581 -317801.2952
-68143.0867 530546.5817
-382421.642 -618773.1734
-220320.6053 155275.2184
73362.40954 929455.1648
-892426.2502 952404.8054
301514.6398 -953483.0876
-414512.2268 -540098.0612
-163593.9808 -525093.9175
901910.777 -909568.4059
126384.4977 320082.6635
-185.9131134 195772.7821
-771919.7777 639654.442
-343886.0918 534760.1047
-389466.2708 257732.4639
-153688.0972 537646.1311
570881.9024 -571546.3661
-118337.6094 320192.6093
-876103.0069 -838879.0373
-756354.2247 30224.78661
126388.705 895536.3254
362406.1472 710980.443
-550338.1559 524662.1633
-897548.0864 928350.8313
-18519.29363 -181456.9322
-167229.8792 215875.0197
-4951.737262 756887.9031
693405.7229 278404.0112
345383.5914 50466.82617
-831886.9138 955375.8443
-673382.6191 -780077.4444
-314268.9384 -499381.2339
-336724.3478 -61876.37358
-113319.5037 986559.8122
540543.6601 -959251.6366
-907966.1597 -915248.0732
776704.6038 330213.4079
555843.8599 675047.6306
-546166.885 -695127.4238
-99412.65462 -485747.3275
894901.8544 21456.47335
567832.6323 54942.84009
486093.6084 -923353.7992
-189253.7112 927733.2714
829920.8158 930886.4536
597780.18 -813906.3109
145837.3293 -196915.8753
-770431.5754 941403.3053
-973773.26 8754.184847
570526.0212 -63059.2044
-564359.8419 -800040.2608
121759.8147 -15216.02208
320125.5854 363898.3956
-186967.3065 -427879.1725
316067.0624 39104.35793
-780560.9048 260249.4874
843352.9393 -581072.2708
-345952.8339 -841128.9822
-518081.3246 -985192.3819
646623.5445 665749.3311
3230.931356 237732.265
691784.0987 -493479.2086
-377828.2114 -47512.35212
531714.2501 -801763.2459
-480468.528 887356.3984
-623941.6285 -755421.1687
-546765.8362 403326.8869
672202.392 -111651.5973
-700793.4195 500367.3349
-507743.3103 92642.21952
-31181.42487 -622989.6528
784844.8902 -232267.868
53815.09074 -886138.4272
-820449.1744 -801723.5519
63668.37144 -858098.1841
-104980.6491 -969225.8795
545069.9526 493714.7037
-331952.027 592228.6795
-492004.4087 266377.8925
-628196.2773 360325.8085
431677.5761 737194.6264
-326503.4629 -946968.9999
23892.5588 455765.3514
-877805.7036 -602753.558
615165.8361 699987.5156
-214946.3393 -764171.8551
-873889.5376 -695172.768
-723070.8842 -993.5049593
-474826.0307 890786.7039
-87602.50254 -633703.6493
-7741.113972 990619.997
192165.7923 98012.66386
-349718.0009 746775.837
381133.9488 -826779.1248
-989487.3093 6771.71289
-674918.3724 805399.6653
798746.7353 790353.607
-246144.3655 -840846.5998
-424897.8505 -41392.41871
124723.1344 376434.8822
991644.2017 558750.7378
-365526.7222 60161.55412
-105331.5373 -112574.2465
-254237.7969 -946122.3585
-546594.9437 -806878.0299
-233183.2855 -717779.4238
503920.6521 -423137.1332
-932190.8357 -357659.5285
-416629.7396 518971.6042
-916092.6484 -888104.1154
-917857.736 -347909.6341
-408313.0421 -267849.5152
-402143.5378 48858.36145
-82801.63165 602192.4618
-546837.7923 658151.8518
219217.0522 -560959.759
407697.2212 15314.97445
-803220.7392 -128164.9261
576143.6532 -177515.7443
54934.57224 901127.3385
-715096.2321 -28566.15264
-994179.443 422860.4905
173784.014 735385.6551
-170539.1704 -543157.0366
952314.7457 893287.752
111002.9177 878851.9205
-976340.3936 230331.0633
348548.1399 655734.7655
-926959.4261 -702828.7388
-968653.4271 157243.5671
-222307.579 -797504.9433
712345.8436 -604851.6789
-566115.0654 -26417.33165
-241601.0897 58328.89794
38727.7945 -654471.9094
409967.7438 431900.1204
-38473.87253 -841955.9278
-162230.9424 260731.0968
-462335.5678 -599430.7076
-245411.3793 -365437.3569
-259840.3149 358786.1567
782792.3506 31305.83626
-163076.5615 -311798.6389
-4002.483286 -409679.9479
656532.7304 331407.3142
-498362.6055 996385.3709
-402095.4117 479262.9583
-591667.3426 34099.46939
121650.5488 -831052.6638
-98729.72439 466663.2547
922678.4101 -377140.104
-657973.1958 -168342.4692
-812126.2267 -88352.21295
579688.1585 949063.1892
452305.2624 -571074.4663
13091.09897 -553416.431
-74596.49184 -692534.1162
-844993.582 -457154.2925
-565946.9867 12061.79203
-311083.8481 500797.2771
-457177.4532 -992453.6519
-328199.8168 -903093.4353
-872490.3199 -212435.7584
276032.4325 124166.7683
868690.4617 235123.9107
-811645.457 -425134.9537
73791.99653 485150.8803
-386222.9101 -629431.9422
-631232.8303 -716190.7952
771211.6239 -730973.1621
155763.5068 -717368.548
871288.7745 -479234.4776
-294134.2453 -74730.76725
-139896.3506 -445134.2361
-214368.7423 77485.16568
-423254.3295 -99635.13111
-505561.759 373273.5788
-795240.3813 -554757.2438
-561793.4335 42508.93417
-233167.8406 127577.7083
-988503.7117 15154.99747
-347261.7469 -463686.9637
-414400.9897 -793266.4218
179919.8924 445336.1369
105476.2807 529413.9398
309344.0903 905845.4633
781997.9913 -861505.1004
501778.6569 905183.117
325974.4901 -718850.1115
-227752.3201 666933.3915
-285968.0329 860680.6157
-837180.1503 765337.7094
-16674.67225 -67436.5607
765757.9533 364839.7391
82519.867 -13193.28049
690413.0236 641548.0022
-397558.6022 844712.2997
-943773.5881 953758.6276
-308563.2752 78859.54023
255409.6658 997629.8062
-290910.4621 926415.7123
813712.5917 818917.2329
-844465.5999 -440672.7742
547732.3056 -617867.0845
-413698.1751 -914226.5505
-514370.1562 41914.1427
-239189.8357 -437828.9049
-870955.6997 39110.7923
808595.6583 -112227.5941
421389.6206 -28414.58412
-759516.7235 454300.254
-800658.0561 412079.1234
-979839.3907 291787.3624
-171429.671 -990783.5863
-206367.2158 -641258.1637
673805.8248 5000.022084
396364.6627 738773.4196
-400373.6513 -862891.5156
255913.2785 -884493.3611
-173235.2511 -713570.4588
-994994.3228 -814122.7632
-38074.10693 -703137.3243
-693175.7163 970520.2723
-533821.8513 -225808.6742
554677.9842 -485126.415
-881463.6247 -809937.0642
308964.1347 910685.6238
124155.3161 -171671.1319
193779.3857 106125.9909
-423981.6136 236709.2276
-41103.75918 -652709.2229
-75986.82737 39575.49388
-634180.3275 283123.8289
113875.5026 869407.5526
799672.6747 -210190.9962
22177.49803 363615.6295
-667288.2107 700612.161
415597.9375 943892.1082
44079.57154 -59859.56838
-586755.315 392327.6589
-961754.9465 145929.1974
367155.7383 479495.0749
523437.2294 -469241.177
-168577.2333 148905.8202
530338.3166 -132017.5211
-55675.40877 -840569.0987
626114.7311 414424.458
34713.26004 869428.7856
659736.4269 -681475.5509
123155.6869 -763024.6098
-540619.1006 -951654.2857
834693.7691 213307.8045
-934025.5735 -187513.1976
875382.8999 435614.2583
-63354.57217 -457227.9
-744118.7776 -814291.3482
810333.271 355001.9017
636761.1805 861613.5673
858289.1076 -612653.9246
275215.2843 35079.68253
113389.6088 27445.1416
-763182.5857 -735246.6701
-8909.315015 930731.9648
-641889.7731 501026.5018
-191737.2507 286886.4578
-354974.6964 326973.2965
-686306.0719 -386787.0758
604872.2386 222537.1625
347042.0157 -272404.1523
-823349.7287 522013.7853
-73868.54648 17856.2652
891036.0145 -71208.53267
60426.8463 551027.0827
371384.1256 -578276.4481
429454.1268 -787462.7033
933285.5493 -86950.46485
-161234.0616 252983.3771
401684.0419 -276686.5131
478624.8485 -768893.568
-1179.191189 -220150.4229
481481.173 185175.6813
629527.3744 -277540.6861
-443073.0774 286516.0829
-91681.27911 -63055.18561
869827.4107 267898.5022
177456.1992 -54980.01473
589203.3466 -33977.91382
239490.7672 -55810.30342
766810.437 -978701.3825
-558507.8081 -211928.0222
-707438.9375 47410.2931
331258.4127 452349.5833
-804398.9995 332647.5733
-18061.72274 269155.0348
-622698.4684 -794700.1542
116325.7112 298454.6538
725425.3694 -266916.8316
-472440.2512 488390.7408
88597.00037 -321368.2122
417685.8033 -863073.0569
-540021.0636 -390324.5087
-725780.3756 -196629.8742
-628634.2298 -403271.6869
-182795.9005 498289.8029
122740.7511 123170.2362
-996371.8647 -475897.2842
209163.3496 -716092.3979
-241851.4205 -288896.6819
-16491.87716 828223.4638
957744.2393 355514.4586
-930602.9089 -186277.5013
548435.5545 -145608.6644
353934.7297 752313.1133
-157120.1511 208450.3149
676569.1423 916643.436
836222.1572 -36902.15325
-974828.011 -973657.3756
502711.4934 242356.4906
120050.4035 -290919.9921
874043.5742 80112.64597
-399790.1582 -489761.0262
134518.9018 172261.5632
-170681.1395 742145.0279
-465305.5485 -507603.2115
551582.9729 -552490.9355
-562190.9834 23561.89224
-527595.1112 -336484.5444
479034.8656 779717.6427
-725420.066 219248.206
-419857.4046 -981176.8371
822798.6963 604067.1864
695959.3077 570267.744
765822.765 57269.08068
-74818.76324 -835721.7648
439436.1898 -931809.1624
-988061.4411 660199.7325
-211464.8127 402711.8672
927739.0341 478511.2992
267618.874 -1248.196295
-541899.7831 35731.70088
-938727.9061 -975135.9085
-548404.3654 283582.9177
-885398.7607 696068.77
-841873.4427 -347665.9903
793199.226 654175.4723
-576672.9542 -353981.7966
-65787.47113 -363614.1435
272832.3873 393308.6755
64206.44907 634554.7025
-373741.52 998086.4662
871787.898 -648710.9196
-481031.0411 -919191.5139
437796.6919 -387076.8928
379363.2715 470730.91
966573.5115 -737159.2239
881460.4121 -800801.1244
-994874.4066 270928.7129
-290701.7079 790689.1409
-166746.6547 -653688.6305
-507352.3999 645805.9164
829664.8817 -79006.06514
64173.20542 151859.1623
593340.4651 -498225.497
719650.6684 -374552.1356
384167.0289 977837.9321
-859005.5053 39409.49392
512026.8214 -233204.5063
-894785.1082 -182591.1002
-393258.1044 -797338.5249
-312927.5527 -220704.8763
-932105.1325 646097.0689
305550.244 -918621.4569
-580411.9014 -399377.7897
-412244.117 510744.5034
793469.5215 552529.9022
-355697.1966 -180522.5385
-967692.9549 -264007.9146
622497.4641 -17702.99614
-280370.9959 -907069.9201
604079.5544 339612.3901
317771.6301 321811.639
704149.1042 -631502.5751
863120.3608 674691.7995
-94674.1801 -524235.672
-9971.775044 471775.4826
796011.838 156071.7225
566149.9562 -110192.6779
-21314.15021 115584.2929
-63222.28466 -676221.0368
419958.5647 -12802.51834
-585439.9099 -348347.6439
517403.7327 245060.6504
208012.5344 318877.6838
-914581.4932 -825702.0982
234557.8679 62296.93132
-848696.878 293585.5321
258996.6915 839644.091
-549993.842 617517.5256
679197.1684 -897604.6897
-15949.12404 -776655.1173
453608.1435 -889024.0914
555601.8289 857357.9149
378564.8473 -483894.9393
533077.3011 -595955.7401
80188.55794 890432.941
654745.1344 861074.1072
698405.4365 -534784.8656
-880.4542622 -519847.3618
-782085.7128 -490100.8869
69069.34083 -874621.9752
-219067.5778 -598273.0137
-467250.5851 569741.2254
304147.1677 939604.5565
962791.9285 -382437.6045
528924.8556 170457.3226
672286.2652 -51402.40304
-473631.8951 553172.0052
-110399.8563 -761712.5027
-831910.0331 367270.112
264867.6467 334239.7387
-589732.0167 -132278.9038
-320764.7776 -498019.8411
-668518.2082 787010.8014
-42864.66157 149125.0893
780943.5944 124802.3289
-991935.6105 -380419.578
947569.5562 156871.0725
-719025.7897 -962933.9406
-433736.8411 -142357.2856
284406.5721 -687260.1622
628313.1202 -898524.9255
59424.65626 501838.8185
-938739.9389 88418.47245
-67813.26751 378208.1995
-749682.6378 231637.6593
-560927.6793 308997.9804
-659796.556 -266956.2235
219909.5659 -560869.1918
-544811.2388 -203226.9705
-993153.4159 -371651.7732
866860.9766 151520.4965
53855.27933 -648870.5199
520536.3475 251893.3081
804192.9752 877593.0939
-394405.6966 742201.0832
-209444.4499 877977.4702
420514.7754 -175603.7612
-100763.418 327598.6892
-806074.0366 -86611.2443
-828705.4097 -885414.3484
-399851.534 303610.5518
212530.8636 475666.7753
744176.7496 479688.4429
379190.4076 749940.8273
-52699.37536 795773.691
-636464.8797 632981.9305
220653.7835 342914.4883
-655871.9738 -945392.5342
524157.2311 206483.4819
996201.7496 -908867.1783
-275357.624 546143.0196
-616514.9143 280151.5785
827448.0128 -711641.3552
967626.5597 -656901.1143
124392.6271 378997.965
391310.4774 524580.8851
-29241.74649 299724.3843
-30737.74446 55402.00346
795941.0249 -795371.2098
-359411.6427 766342.4098
-978808.316 -633101.4294
289077.3411 -57068.94705
911558.0868 -675979.6477
715500.6431 125283.6951
-960349.5278 185853.1212
751415.7473 265180.4921
-370476.4614 -754301.6221
-344209.7303 719698.2993
99645.87687 -128439.0495
-562829.3142 -502575.9123
36963.69672 -464939.8367
9692.905832 19190.37287
-765916.3065 631848.7197
436317.9809 314372.1776
-783760.698 -177127.4321
627240.4293 494237.5114
36627.64548 -814357.9629
-196411.7625 619029.7255
-350679.7988 548406.6867
-699246.8123 797656.2671
596515.8895 303622.3144
857059.3603 -22000.83828
-346776.6035 602436.5369
721741.8727 -792500.7363
-761187.4519 -977342.6634
-180281.1863 -932098.3518
99368.00945 -831228.6877
-434950.147 -952404.8656
598572.902 -671034.0633
-50181.99569 287684.8682
653517.5086 -999034.4519
603714.8551 48543.27242
872851.2957 990426.4598
719733.3065 847482.9044
271178.6913 350880.4596
-810891.1865 379494.7365
219079.4887 -928181.861
-179675.0768 -31673.3247
-302419.1102 635287.8183
669172.826 667880.6763
142620.2712 733749.5859
-981535.0151 323839.1592
-821705.9569 -768898.9066
49617.53553 -185262.7934
333369.1079 -319938.497
-689831.6916 -866830.0736
-777748.1644 -196500.3111
-343688.0038 -342466.0983
-292547.0906 -256077.0578
-534050.0492 -581963.8092
140228.6339 127695.1321
106305.6222 -932978.6581
-723000.5111 778777.4201
-514988.9668 -683220.2774
21598.93893 -235111.6959
-689095.9721 -264604.4303
-336416.2375 -505897.9905
-749730.771 -40295.97147
-473163.8139 -188337.637
-832390.9324 136547.7486
-733972.8659 -72501.75207
-475595.1345 81453.50117
-74192.28375 53707.79622
-770980.0703 685354.0803
374236.2207 -513474.6918
682362.2987 129898.4297
-798356.733 -735876.7895
739233.4205 414416.8469
-81971.72827 -225627.6352
-447123.2928 595862.5196
-366921.362 856957.5678
343662.2185 568985.4585
-999858.0385 -389906.6748
-920781.8173 897543.9822
-302415.5249 -523743.4799
275188.6365 653615.4018
-599059.8429 -130951.6698
524529.9084 529090.221
-130217.276 507134.9197
734846.4289 -35377.61723
694378.5119 -968351.084
486178.0102 300747.15
147157.4148 -719744.7629
-940146.8028 18275.72844
815217.4967 -618873.2092
305879.3276 -900665.1043
385118.6644 495518.6456
640896.1585 -150308.322
-617557.3116 732183.8807
-169666.8507 143069.2522
575245.8883 -614637.3274
-45805.39526 -396725.2949
-441876.4709 -111594.7281
-516878.6466 -393621.3818
101846.1946 -874945.5209
273428.2456 -379134.4819
938415.1673 -66456.61834
202504.3128 288960.7647
-16179.4361 -314368.4219
-232440.1397 -350908.4742
-502443.5072 -771431.2519
-803728.9866 426815.0626
-944944.7242 -57270.28325
444249.7778 601081.1388
207944.7116 103110.2082
-388995.8788 206727.5883
946275.4314 -88611.05848
-804455.8307 934831.4285
485237.8115 -385781.1915
11796.05499 -454492.3565
464613.0499 979797.4414
-4970.027858 215645.2154
-166475.9661 -516.58366
-102965.5626 -817099.9387
-468148.9994 -967981.4545
-237576.4373 850564.5542
256325.8079 442022.671
-21364.2679 -770402.4034
-742320.6785 -377608.7835
925940.8947 729578.9545
708099.9047 793684.7273
-995604.1582 -279928.5104
245357.361 -281062.8274
-72763.06905 -62318.5877
-447678.5088 -276620.7641
825083.9354 -122166.7687
-277824.7822 -595316.9174
