4000
-489769.3579 660413.4444
4101.188191 211557.0793
494630.8199 9400.27846
94667.7491 -12618.58546
51649.91181 -298138.6732
82248.21014 -264964.6649
293751.7857 669346.2932
861644.1919 -427535.8693
971922.1542 345063.3375
252049.2445 -873615.9469
-35429.43761 906238.3647
-472331.7897 270005.0469
877324.6104 -347688.6733
-412461.2284 -193750.5191
-78638.99578 145659.548
-956748.7495 864902.4268
265328.5945 696891.3198
-914443.8962 749165.1743
927439.4 -563571.7272
171031.675 958635.5041
525113.563 414295.4077
441333.9919 -676231.6883
-375407.4225 824079.8652
942132.0219 -699881.2901
352101.982 -885034.0326
-594443.6719 -43344.66527
997107.1139 224956.9026
995535.3345 -742083.4734
182444.6168 551241.9084
-774660.6347 321684.3251
-253280.3905 587829.0261
545741.5151 345641.1334
-871195.9867 961975.4612
-163278.4248 320116.8754
81108.96562 -779034.8033
159499.7477 830402.7577
-456821.3193 55615.93702
-376505.8178 -669063.2022
-567947.1647 -563163.3809
-237940.972 597721.2876
-661048.3538 -253647.2938
-403129.1608 -148903.3451
461467.8767 -601181.4383
-395208.4444 327674.5367
331934.2988 -235823.2889
-318517.9174 -42601.40211
248425.0998 -118874.276
-612962.2032 -897442.4074
640143.1938 -122980.0584
-707874.891 107075.0849
-839548.5855 424190.8526
689939.4466 974081.9786
-664424.4869 -209864.9966
996900.767 147972.5978
279876.36 311597.3331
218188.192 -42350.55949
-712782.3635 451490.5122
759447.3859 -694030.3474
878714.3902 127158.2515
665768.2636 66621.25639
34796.00827 -865618.1739
788179.2235 365934.9515
383343.1872 164584.0761
-251302.6247 512386.4451
559049.4274 180997.525
931581.4762 -676526.738
-559503.9672 -320608.6798
-663754.0659 -888595.0933
-152466.6696 -370205.4975
32316.58182 498355.4693
-681450.8766 47473.81711
190165.7503 -331253.9475
731963.1339 341863.8817
-951969.0597 972967.0571
-433668.7537 786873.8556
272095.8919 649127.986
-488245.2619 157947.9591
-956317.0561 -502448.2994
-295271.2449 -313586.4792
-663212.2541 -462881.299
-47169.51435 -350218.802
854063.8111 -407044.7076
888774.0958 -195619.9453
-684482.6015 754744.6817
-185732.4198 369422.1145
-316385.4064 -532590.552
-795627.2428 481609.1768
81607.20373 -870308.7173
537352.2978 -36512.0125
277909.6737 197170.9934
-673880.7338 37172.5397
391513.3404 172758.7262
148829.9122 555493.0984
-690022.3625 -592638.7503
-578065.8036 337147.4166
351613.6613 434976.1789
440913.2211 -221597.8527
-634613.4519 -696686.1982
783969.809 799346.5787
-281698.6213 -244106.6466
310858.6757 -124405.0575
351285.3416 402067.9583
578899.2735 414489.6639
-991888.6286 730101.7622
-923320.4238 -612901.9142
-700011.5111 72723.32257
522873.8395 -92981.9491
796312.5435 -1856.947028
475340.8435 973970.5501
-341749.2649 -599932.9584
253204.318 609873.1774
-383193.3214 -832074.8084
-542139.9245 -1613.729982
-811760.8287 -227525.3044
917106.6428 -842853.7682
91525.79556 -141330.2417
768423.6147 -302295.0789
251310.903 -33588.83564
-677004.0928 475417.0159
-74644.99065 -353169.2271
743766.5913 943589.6377
-326208.8218 -253050.4456
473765.2749 -184514.1578
-732313.3105 -758547.5429
52762.6249 -281085.7803
166583.7779 155378.6421
616109.0069 -876244.6371
-57142.78024 806021.2583
-406296.9019 -577246.7948
51235.92229 -127158.3215
-396436.485 -864141.0459
-878673.9578 -964089.3567
-992113.6147 -278390.7615
430840.2338 380386.9239
-903425.3078 -538722.0727
425043.7187 253528.2658
29101.88591 588682.3923
-619085.2002 -9097.273454
-455922.9914 -346538.827
690893.7768 -430595.112
585140.4868 498269.2834
-221431.566 -753543.1032
348123.4018 671489.1974
32010.82106 682056.0565
303526.076 -57616.18901
755234.5424 -641815.0305
-368598.6394 -259062.2178
-574116.0206 220729.8383
-116299.2415 835574.5562
782673.6877 782904.4661
-141594.0863 -805413.8806
-384343.1698 -461580.9655
-139895.8587 458770.0435
120170.5689 -701614.0719
457886.6837 936062.9826
-1872.854584 881422.2968
568163.7815 -425472.6054
23609.38589 -725506.8131
307770.5922 564366.8402
-450079.5242 472422.7309
533868.1611 -341160.4878
200941.8036 -23793.25676
-22443.82116 18438.3792
-350761.9769 -714293.667
560071.8665 -243710.1697
-733258.1647 -559881.7393
333382.2953 830221.7172
281904.3803 57326.73829
671033.5472 306312.7332
-472031.0391 739704.0404
816928.1617 -243443.5577
438116.477 821250.2403
101759.3257 750676.3724
-908682.0745 784656.0135
725483.3822 973805.6204
-921704.9638 861741.8677
412753.8889 -411006.112
348150.7729 199600.6755
569465.0183 665110.0495
613854.1627 -678578.5795
-989248.0484 -562302.4471
349365.2153 224926.9007
278920.846 -652783.0374
-920012.1295 655263.516
831439.6896 -636335.2697
334782.5458 -936227.1718
567000.3039 -166037.7131
-263507.9483 799493.1367
869439.2535 -370786.1151
-226509.9116 325664.3418
115810.5902 -644318.3505
-471610.1973 15738.42609
-126346.0213 121200.4543
425986.2196 -474043.2372
648015.7399 -704434.4354
-358955.4211 20444.33731
-602359.2188 -187398.5814
-939594.6946 744485.3684
-325068.5209 588723.2017
826516.5153 253863.9702
251330.0582 641788.6458
-562477.5531 -857412.5647
346618.6706 -695587.5972
416815.2339 -967215.9271
361543.8266 404141.1645
-37636.63707 -475763.9219
-157539.1765 -70210.31291
355357.8265 492826.1044
420748.2006 560685.4929
202766.6405 -687315.5117
-216261.1527 -970505.6109
132619.3269 -716137.5841
-405737.2575 -780398.2691
621985.2176 -846172.0054
228507.9331 -770398.2722
260935.7282 766361.6417
-468158.0028 -382652.9906
-696527.3086 -944262.2864
-271839.558 -779813.2419
543665.4267 743268.4376
974740.9937 770262.6386
464436.2357 -707587.2489
-211962.1531 98841.32107
827340.8319 -501262.6922
384062.0029 -54899.87795
-809759.5206 -15474.94375
-636215.66 -868955.0011
-63341.31474 423600.5364
-974862.9171 953743.4133
88822.51137 -938250.6628
420873.9552 -870399.7168
-577206.641 554707.5081
-726282.5619 454200.586
-359605.4902 -310256.9801
309674.0633 160977.1689
-230719.4704 245437.2215
186528.1493 -492438.4612
-999781.6931 -506465.0259
-314352.7041 -305939.1551
925644.4708 245931.8111
-371778.0785 820280.6004
807037.8448 2074.020397
-556944.4482 288827.1487
793966.3403 -465922.2726
56553.25035 -435037.2354
587381.0241 933600.3144
-855979.516 -687260.1429
152900.222 364780.6158
-744289.5182 -985843.0737
318361.6915 -96093.90073
-615784.6252 625616.3198
-426358.8167 -960988.3655
283526.241 -612669.2421
-528787.8966 -802359.8073
-330085.467 -548551.5249
-551301.6626 -417389.4727
776086.9951 972572.3977
133972.9974 -207534.4341
-893337.6376 508828.8811
849815.3848 316627.4384
350280.2678 -129104.4895
-692841.6613 -714097.1604
980517.1299 277360.9986
-832464.4561 -364822.1758
996697.7413 461568.9057
-425741.4733 -579886.5965
-725178.0939 -536823.3845
865494.2412 -781266.7984
653354.4145 942970.7107
64209.72274 -654794.6516
-63314.09805 281166.3521
-709252.519 242347.5446
-983935.4036 122745.4954
230155.8389 -268827.8283
280293.0266 482898.8048
-64868.55217 -427852.7927
-68234.62809 569077.8211
-742655.4179 -53539.92196
-804092.0135 356405.3789
164108.5471 674823.4558
-415832.4628 -372436.9559
320778.7667 -106824.3384
518481.1888 746946.4953
-861040.6149 25468.97323
486873.3278 421397.9164
-814256.6021 -366066.6388
993245.5022 495408.2367
-968672.5869 -96587.37186
159364.2989 -92185.59822
144705.5796 521251.9402
-472160.1732 -530477.0943
714243.9423 -691240.9459
-251977.1444 -604494.6952
669955.673 -579582.4408
-188096.6213 -30154.94458
437228.1595 -714149.9184
12196.08463 134714.3363
-470357.0557 -379513.9226
160973.4366 -374553.6498
623279.9874 -552391.0842
-914279.4445 371350.2378
890729.2215 624753.5295
676711.4571 -767619.8264
572240.3381 -168294.9353
302211.8514 -185.7316707
-504489.8424 101631.6722
33737.1096 413353.4864
-935010.4796 182918.8357
-259144.4306 429387.3042
-460061.2471 639354.5345
-730188.5462 751895.3347
-177584.1323 152292.2901
625452.7968 500881.2528
541385.133 137736.8953
-104374.1537 844487.7306
-94407.93464 -741562.5123
872156.5135 138232.0587
-871200.9664 296869.0578
-967789.2148 770578.2833
301826.7754 -384863.9936
-479183.1478 -883747.224
929311.1552 -268787.4048
812606.1592 983550.8151
-655821.7834 460489.1127
752676.2038 65504.29638
393115.2507 160843.1164
-539943.3965 797359.8902
-470276.8636 6057.788184
-782507.7627 -975157.7166
-726098.6864 780604.6787
817987.1227 103648.393
-379576.1437 344797.3235
-287880.9974 -265278.8004
901870.4054 -709649.2661
994547.2627 -565535.2374
-855679.5296 60466.29591
-93712.58082 -624039.8471
768152.523 -867191.6576
655909.8202 -189338.3421
723964.98 -79655.48033
412526.4404 -991322.3366
360413.8198 -663287.79
529428.4225 -602369.0813
-157751.4537 850611.1677
-811081.0613 -679771.7922
-206812.8261 -412243.8849
16562.9985 -798764.7812
-405795.3072 -281068.1964
-703460.3601 -298339.6643
952903.1286 413193.7443
-184006.263 -992936.7125
-894259.1646 -38546.0718
750143.6279 -30585.1453
-485272.3284 278772.8671
-994174.7494 323764.9736
-632886.1978 -156016.159
785806.8628 -838765.9535
669345.1913 -619838.1319
-511048.2637 476568.9293
793413.7938 899271.6576
-851585.0038 97812.83355
576180.5466 -701636.7375
-12413.39717 599541.7403
378691.8122 -179806.5522
-673853.2429 -497966.6404
-739298.4274 647282.7917
-393745.0493 -914702.1391
-425080.9584 406478.3489
802547.9318 807268.5781
449947.8068 748823.0936
-310184.0281 -454284.2755
125244.8243 791247.4347
-92559.32024 914377.824
-645924.8077 -794658.0186
444623.6343 -285708.1205
-533640.5476 -514146.2856
148941.8512 398233.6815
380590.1878 130325.9143
995763.3053 -576368.9523
775629.5891 -913662.5672
951588.2875 314592.7
-696505.3152 -151452.7078
691191.4511 -899524.5928
681972.5512 158129.5148
48826.50672 -319812.9288
-736032.1579 893143.8766
880600.3238 -252408.4678
-796140.1841 -601239.7422
284489.3031 579256.9293
-671949.0964 -171563.5037
522752.9158 -88882.54281
-387245.6018 238719.0019
-472064.956 53366.84413
575919.3856 -354738.9508
647598.656 -470518.506
-109116.6163 656433.9941
-151963.834 79565.13814
204271.4798 -803471.8695
-194234.9595 -522702.3999
-428784.1101 -329143.0791
891732.2424 -925719.7359
-698629.3918 750955.2914
806433.1906 288774.7294
-414844.9369 -711272.8957
-179051.7027 -236215.1019
208084.9648 232596.6241
-638461.5922 961976.1185
-431921.5668 -65896.84842
-748519.9394 -222054.5848
-54131.18432 246320.1171
358998.7455 -7711.074
493333.1126 -287823.8261
-844877.3111 -786832.8255
-214507.0209 -68703.94682
-579928.9983 -30015.25808
616764.1942 -682176.05
513074.0407 -742978.3741
965795.691 66113.53404
964401.0226 970642.2601
-105613.1384 514650.7849
416883.6081 989292.7117
877714.4103 619388.0904
-973529.4287 351532.8623
787204.306 221922.6556
-705854.3854 832903.8598
-999832.4748 771586.8095
54160.51632 -681044.9791
12811.11254 246857.8801
-804817.5767 593339.1385
882153.8719 484074.9504
29685.20248 977453.3882
972470.2924 -156833.1546
-421961.2888 -74123.7975
-157638.8353 738522.4397
-111275.9024 -276395.0889
509502.9104 -674132.18
788482.1456 327877.8436
-532837.9708 -505525.775
824314.5544 935053.8725
-702592.9275 30337.84897
-498650.1346 -852432.6624
-347153.3929 -935763.9307
884796.2783 819800.263
-789112.0185 135292.6077
-898907.2279 -886187.4261
247331.2492 196794.9356
302246.1846 280934.0644
-230263.1269 -37560.3573
729311.8114 -679428.7967
-365897.9083 -815371.9745
536110.1712 16656.65183
-181889.0038 391436.8743
352567.7373 -789333.2378
-732493.8377 934820.692
-513081.1941 59476.91843
-749122.2987 282866.0938
315818.4466 277090.2978
831305.4301 388587.293
328746.3778 751170.7133
291832.8301 -821795.3722
-391902.5807 968585.8592
-290303.1411 88165.48719
-180431.2633 17236.56362
665650.6648 -749471.9955
-386820.2037 743548.1582
934851.8651 -847391.7379
-66091.59859 -745352.7512
202472.1272 397044.3098
86702.01446 -773327.4202
638329.9227 -323875.9037
-562080.8441 -395710.9101
318907.6869 328184.1481
919597.9939 212851.3591
673734.1908 -716025.6184
-670729.386 -190777.8039
482501.0614 -540459.8856
-603434.679 818599.9797
986623.6146 -940951.6923
529923.7228 -434010.6023
-944931.0774 789149.0409
-354984.0741 -581004.3311
-982662.7466 213118.6499
-372796.0558 -623001.2941
340141.3108 -485565.9545
74156.88794 -504060.1351
-142847.6949 -211025.2512
-239094.8153 637068.4373
-559635.9283 -25163.84276
-772739.0609 -418653.4925
448608.3191 618171.2076
-256865.5237 -684614.2446
758961.0322 504672.5571
169528.7905 -729573.5149
-83658.81588 -842843.5981
876818.8428 777550.9671
837053.02 103121.3252
-55841.74951 19977.12837
377889.8276 -872360.545
53741.86083 -518701.8219
-140195.4559 -323365.5076
-201706.3406 -662913.8386
476347.9449 220672.5727
-107333.935 -123048.8621
57775.80432 715482.8671
-935165.3064 -553185.309
75792.60588 -872556.5508
-832043.3608 467768.9605
-440904.676 -59989.72031
864534.247 597755.3187
383584.7258 815293.9368
-427873.9315 642334.8258
-312310.9759 -613877.9676
203773.1241 -122796.1427
930778.9826 728579.0425
404846.8122 117306.2965
-742651.3484 -413271.5508
-201939.0023 59693.88649
-558266.0245 -109266.0222
-716740.5891 -212190.9455
-99531.48453 -824676.8534
719637.1006 -859547.4743
-846076.6939 -617014.9242
-261396.1807 827193.3623
796610.2498 473783.1664
-239618.121 -476944.5477
91309.55542 -607085.8601
489362.0585 -817568.6272
485009.328 756937.3306
903465.9679 155307.1578
-12824.42677 824703.5309
-919754.3785 925605.3691
-982138.5705 776644.3099
817404.6305 536762.4118
-160398.1312 50293.00567
-731293.8427 -131268.0143
-882618.4231 -686131.1833
-739694.1466 -165081.2716
724146.4033 -431243.7499
338524.3443 383507.8335
769564.584 -572257.6594
-774348.4147 830180.8602
-843627.301 94751.77449
-807974.8797 716054.7072
-426720.887 -852781.2029
-540049.5188 -138406.7852
999258.3109 83330.36196
663976.8159 252628.9527
360372.5152 -65096.08792
262726.8124 -282196.383
541862.3263 -409258.7851
956716.5116 774024.4223
-613961.6553 758639.1865
-889904.8978 461648.8429
-122877.6641 -863640.0895
684583.7325 95933.09881
-13216.97267 310827.8753
-559863.9995 -603040.6029
-434352.527 -248933.2648
87580.55389 731597.3092
-7576.96622 587091.6158
198269.3359 87030.06128
178436.9499 -268633.4376
729953.3913 -19529.75183
447464.1092 -351796.1126
-518824.1297 933597.5894
-615115.7288 -707832.1589
803741.8304 -351542.4976
-567116.5644 -610452.4153
2370.884237 98374.70159
334429.6669 -535157.6392
579728.4496 124644.4875
696319.807 653563.3855
103853.4137 814711.9536
-92419.68408 624757.1627
934534.5503 -379290.5589
891812.0694 334226.072
776185.9819 486349.1428
-772883.5076 822540.074
94985.92914 -83509.39338
-734308.6423 -551549.2976
839178.2971 305131.1596
228956.6099 -691539.84
-412052.599 -364672.3987
-662972.7387 524601.2916
482785.84 183105.7973
-363356.1024 622754.0408
777412.7364 107718.2969
728760.1134 347615.1302
386504.2022 661115.585
-583576.173 -608123.9955
-961692.9785 668624.1381
-307888.4175 692174.8713
-875500.8035 722579.0452
-315447.9178 867086.3728
913266.5861 311810.7137
-958075.3885 124900.9868
-606912.8704 -11569.48479
954540.143 508975.0965
926065.6103 -293849.3906
221032.17 -681196.138
-731673.6175 910233.9463
415790.0895 959867.0803
351816.7279 -303294.7726
-492257.3378 -61705.52619
48847.91934 50761.47061
914333.9461 -925550.3861
438011.3632 796332.6835
-992519.7554 -906453.4679
958779.2401 557255.2906
867816.4829 -988703.7443
-146346.5097 -849831.5757
114478.8247 384632.7541
918195.862 566636.1499
-557894.7033 912226.068
-349644.0388 -843257.8087
698887.6144 898703.7395
451222.3203 -851180.214
-733710.0749 -37141.03742
139854.5453 -491334.1047
440125.1832 642603.0432
664432.7597 -889790.8533
-618657.0148 -119068.2924
430683.5237 -557608.0483
-266922.033 250466.19
-633582.8447 314485.7152
759744.3695 -101961.8568
-743949.0557 -710495.6554
858515.9385 -714520.3545
-824422.9572 120168.7042
621082.2034 22758.46227
223480.9249 -176199.1956
371066.9495 825010.0218
-852203.1572 -895964.7286
450955.5974 671451.5675
726426.5481 82195.58569
649597.2759 242343.1162
91699.3554 359990.9027
-71706.14171 -272285.2457
-649147.3711 833200.4382
-845639.6689 123308.59
722014.5049 899399.0206
48850.03404 -504604.7843
103233.142 -412926.0838
-158444.6213 171466.0462
196642.1777 120072.5484
857057.3687 -477582.9387
465259.2918 332955.7978
-103787.4563 460676.221
214405.586 -807687.2793
821692.1128 150457.4099
281960.3804 528653.2598
-981401.6036 -99857.82374
441090.1114 -962015.9089
791000.3094 -670575.7463
-876033.424 589727.6209
415558.8324 663519.421
-476699.0962 185590.971
-287948.4828 752312.3403
-509848.4689 849231.3231
-795680.1632 1213.434155
-753985.1051 -268079.7865
-364531.486 -275978.312
-276277.6175 -715757.7899
77347.88554 -815501.2404
172272.7805 574635.2298
-376176.9365 261493.0957
-656573.8532 -696553.813
187912.1812 279951.6235
501219.3365 921710.716
-106982.7229 833675.6297
994875.6362 988831.9857
-872950.0153 -738437.2345
369599.1863 242933.9138
-233425.3408 624565.8775
-421154.4771 402217.6626
399333.8439 928101.47
-240994.3831 -409801.676
-373590.1989 -482278.5318
-181342.2586 328478.2571
-602637.5114 884273.4183
-17936.1054 165960.1116
-245810.5349 73322.08464
20077.54304 923449.4438
-475212.8355 -25236.72299
511114.2294 -833500.568
-415725.5182 859063.5814
827376.5701 497826.144
-52913.39948 186814.0577
-658198.7443 -74483.06936
492675.0679 402239.5407
307696.3863 -771400.5034
899497.6831 12326.23164
-631953.1077 737713.9662
85554.54292 702961.5298
-926452.9395 -733723.4855
-62363.98444 -66644.58629
-77981.9811 494008.809
-643414.2606 511749.9466
-497429.8221 -924824.6807
188565.1992 -492072.537
-238178.606 -977097.2049
-244470.7367 -191859.1271
-572253.1009 980597.5077
-985027.6094 766806.8517
180329.9156 -164523.6185
-197662.7477 34241.17665
912111.5489 825193.4892
247098.5216 504112.3205
-943386.2531 -703290.6161
119269.8586 -983707.8724
-146287.5672 940316.0104
-869122.5698 -199480.2089
256327.6192 124018.5478
127648.915 980832.413
41427.9401 -422243.5735
-544371.7617 -784911.0942
-758148.0222 739629.089
-979300.2103 -734077.4283
-356678.1475 -528118.0175
-327999.7267 -430906.1982
502695.8677 360337.5594
-343776.4195 314623.583
889604.3406 -474703.5449
64428.72937 -591501.8857
-485168.6532 -148074.9387
871196.6882 -602990.9411
-192322.635 -129663.8928
-353115.9279 295921.8811
-879610.6694 -695660.0817
-755287.1315 -446751.1307
-825400.0047 322313.4415
-333818.787 -828240.0198
347736.119 797695.1362
55692.19961 -169866.0354
-619657.8355 815916.1601
469247.5773 287013.0493
455807.6 -717363.0501
-193584.4077 344223.0113
738019.5446 602116.5802
844433.1272 -215445.6019
-56031.8558 -282032.319
461532.0795 -960178.9871
-466919.6306 -893469.6644
125907.8014 -387488.3436
-305635.4207 552565.4607
132880.9924 -739148.6006
-806306.5696 -796498.4161
-358582.7036 -344699.1436
-284866.8978 59093.54024
452975.0091 546553.7818
-344367.098 313422.0447
39463.13856 -71703.51031
-820706.6607 -358601.7393
390521.5649 97740.07122
-992443.5524 463349.4327
300967.7209 -85657.23561
-994456.3185 -104440.4027
-773555.8217 668623.5811
372916.9636 146617.0908
-750687.6515 800377.6706
-208151.4632 -354894.6213
-434977.6053 790379.4851
-165106.097 181584.9144
12923.14703 -813617.1798
747722.1498 421896.187
302114.6545 117295.1455
-546526.2247 750669.4109
601385.1858 -34816.24256
-714352.2229 -53711.56113
-580499.2797 -413020.5495
-440298.4965 571103.5282
-739733.0841 908149.7733
-682584.7724 639513.8679
-971370.7513 -767064.9469
211365.0056 577004.256
754885.2862 -876753.7444
-57844.12786 -465910.3854
-46791.03086 -14469.49385
177489.6077 992092.5284
-15731.93769 973886.0086
709737.7677 551316.0763
-224991.9202 -637203.6998
252162.83 86743.51092
822049.5947 -131114.1155
-432863.835 430568.7261
-42367.83018 550655.4069
-881902.5289 -436773.5237
213621.0066 -880796.0555
973918.2514 386188.8006
-513549.5445 509069.4375
-44207.73739 388277.7722
476345.4961 594982.5161
310272.4112 589549.4255
587094.5112 100236.01
-26449.6386 -333342.4629
912176.0495 650380.3522
-288528.2331 -583152.631
-675993.9545 -651502.2683
558630.4796 -262390.2711
746292.0595 -753119.1388
-283434.9234 -564000.3075
736958.3497 -863282.882
-941207.2217 -305168.6876
-859303.0682 77408.12881
491226.4184 657139.9813
-237511.1323 -290026.2482
-649173.248 -721686.6785
-33470.65414 561324.3382
209698.1321 15171.58813
81054.21818 323213.2056
663489.5078 -201133.8371
-581583.5281 211840.1736
-159369.8472 687902.0845
580322.421 361083.7745
-879806.0296 729929.0633
-79733.50363 729971.9008
344473.3631 872907.8026
837942.0571 995941.9529
-893174.5551 -853158.7721
-535582.9127 -672973.4837
-364036.9775 278140.3238
-768681.5103 992163.3265
463426.1966 305343.1224
388590.345 427409.8672
744135.3397 -649659.9762
457558.9826 -414662.5845
-776511.6076 295309.2562
-256767.3951 273481.1651
101261.2607 -225992.5248
-668685.5492 -895611.9043
528427.0642 538007.8542
598560.3614 -983668.759
501765.3059 -283202.9482
826692.2454 -278722.1378
720815.0653 -978393.2326
46644.7795 -321728.207
658276.9319 58339.0355
-383624.3289 158900.0643
-848545.8941 -683213.6567
225870.7586 852463.9927
472615.2408 -166059.997
-872821.7518 556080.0725
796536.7095 -762947.1324
979647.7361 174595.4027
-297966.5907 -917370.2117
-860613.1463 -652695.7874
-947723.321 -986818.2518
776263.6119 887934.9145
-126690.8132 -929425.5432
274205.6123 699787.1105
130246.0621 895852.5145
99008.81527 -345641.9528
-635311.146 -186207.6461
795110.4878 877981.4365
859394.1792 606219.9632
993585.7252 897256.9732
908013.5883 302046.031
-343467.9365 -899167.5197
-826701.3882 -334210.2654
142494.7503 -66271.13289
-876495.7723 561409.3052
-879326.114 -847157.1326
250028.3864 694911.8667
468054.4545 587779.1712
-416008.2447 -572083.1193
482478.9841 989928.6712
-123489.4337 -474342.2081
652667.4535 -600534.039
-39108.76264 433085.0703
909502.5173 -197255.6028
520850.697 151157.2335
-837750.7814 -534084.2661
21363.43098 528534.8981
-993316.2573 -873089.8627
-166972.3901 561979.9364
420095.8614 -885195.2349
-345943.0724 453986.0755
-294015.9447 837271.4283
-991181.4625 -301765.958
9222.220275 938313.1423
267236.7905 875900.1494
769154.6529 82084.14835
341516.7347 679272.5158
968819.1812 -755402.8544
571366.2589 195715.1724
-100917.6978 279933.4002
901418.1428 107448.0234
-855780.4864 141845.7051
723085.8879 148527.478
182076.6039 -25803.21249
-891220.0008 438810.8622
-396750.8574 922781.1986
748063.4664 -62452.94047
6610.848646 -929983.5822
282726.1814 471992.9508
258452.5786 354181.2922
695757.0385 501231.9962
908019.1762 755503.7484
-541884.8555 611068.4186
-450098.968 -19458.97557
-861040.4347 799055.1969
-474175.7504 939643.8391
-772475.8908 425391.1948
-512034.8802 -159757.0996
-504397.959 874912.5066
-39532.01902 -997918.6279
-706807.4562 -84239.91151
-59440.72592 129092.3619
922687.2607 -369938.6549
446434.1422 -630047.1178
-309317.4271 684828.0382
607255.6824 26595.87339
-65820.20974 -259347.3372
416657.3766 248754.6933
-198577.6949 115812.6871
-461196.1299 371283.7223
-230004.7247 122609.3199
108617.98 838493.27
-830401.6423 -641713.8664
-47200.11185 564797.888
-128804.6151 222740.046
45958.11138 -996426.4252
-495458.4432 -909493.8571
273963.9132 537002.5526
-386128.2768 -993974.3358
83177.18163 -954508.4559
374432.4703 -701888.4836
28560.64421 -834778.7152
663379.1198 -23039.90332
-347256.7727 622965.9821
886308.2169 128761.9357
-187174.5201 834850.5771
511162.7101 -171301.4069
566809.2971 -862129.4295
790779.1644 -755391.6647
-575584.6612 -441614.7078
-511670.2338 -600920.2543
-428292.4 -317131.184
-87964.5111 837491.5487
-289499.4588 367495.0488
-669645.3736 363165.0968
-792694.6054 111474.9035
-786766.3535 541674.8407
-679672.139 -593999.0354
550588.2617 158273.9554
966103.9072 -387292.3862
900219.8351 -133519.041
-338165.1667 395545.059
919391.6669 -76470.26746
138681.0215 -28140.61299
-764938.2686 342117.151
-601300.2965 -889480.8352
-283898.396 -124539.2006
260654.9405 -941435.23
-993906.2603 -144498.5931
25577.69719 455800.1467
-111200.0694 652404.0258
-316513.3561 829361.3507
-92375.84942 -934018.1935
423353.2957 -437326.3785
500799.1855 584678.358
555786.9714 966545.756
-915483.7085 -501002.7543
355856.9762 -47458.62549
835559.0566 415857.554
154613.2614 -417070.2031
503620.4412 -572077.4558
245058.3803 -907166.876
858134.6888 -121655.6554
387667.8856 541383.0521
426899.4717 646836.4127
534843.2164 738037.098
-949421.5756 119806.1129
-329957.7786 428335.2132
-98626.93407 381093.5533
270099.4558 -888431.6688
-702642.2491 -189106.6985
196676.7977 -571530.1608
-340234.6509 262083.8095
-658500.416 -989002.5856
425810.308 758805.4962
-695020.719 -478335.2246
274682.6681 954530.5639
513597.4152 -424448.3196
-722230.5323 616076.7552
816548.5677 -165279.799
-307223.8255 -576587.2019
592780.3439 -726693.5043
-591533.4531 568173.1218
-40518.0295 -372044.4938
-842147.4451 976261.537
634473.6211 3511.415145
-80184.30981 -739653.9227
69058.53552 922541.9515
-736728.7303 672767.4297
-844140.7985 -44216.18607
-233350.2968 728351.8773
-200494.2214 988849.5529
-478354.5259 296439.71
823862.6006 -906757.5122
-9233.077472 126618.5129
-153712.7175 -128288.5748
821106.8457 618354.0954
946352.1296 -762601.5745
541473.0176 -735506.8447
935023.7591 -988276.5692
43606.6236 -151311.5989
324056.8985 932651.9069
-553712.8211 -824447.3128
167697.6638 -615417.9209
-418523.2423 883329.8444
-353428.4847 817142.3071
565340.9929 -291115.3594
458103.6843 334564.4265
-288495.7365 -823993.6965
-400587.2815 72193.19626
-830508.7152 85431.64693
-223934.0626 -34669.64826
433657.5508 677018.9967
-476969.7056 -369232.6677
360886.8439 -999638.5042
837237.8451 766613.2292
768019.9877 -889377.3894
572662.0324 84967.33005
-394020.6476 -502312.367
-836458.7971 -836276.4414
150787.1524 294349.1665
25470.36399 -478215.7009
867992.1037 -564207.8536
81707.36326 -144381.4272
511527.9757 332793.6693
647590.3138 -838455.3029
-367579.893 221570.1125
665498.187 -8972.746315
-620617.7459 -128259.8581
756501.635 -428010.1859
159372.9825 824487.696
-947634.3131 -327841.4144
997079.9875 -377353.5899
790750.2653 9476.170483
-402771.8308 951281.7718
-855999.0816 357957.6579
591657.0632 137689.4821
718037.1092 -911944.7157
-518759.8602 -747034.0446
441491.8183 -836771.901
996505.1289 223183.6718
-797109.2339 893954.1438
-895745.7701 571242.8192
-367316.971 -912488.4933
-297015.1956 726811.8209
-24179.55525 174646.2523
-371501.3575 -322964.1707
-517466.1186 -625613.7664
-483486.5828 -718988.4309
50733.21008 149047.1139
515243.4442 242911.4837
-145604.621 365011.3887
752758.4728 846535.5496
111922.1658 -319708.3001
489585.7305 991285.7569
820176.3831 -139175.325
-649351.2389 -936599.7932
292003.7183 915697.4072
-966489.3135 610784.542
-516506.8054 -312882.1489
-760209.7658 -709642.0691
42600.80221 330903.7721
-622495.6423 593530.2125
519687.0805 -524593.165
-885307.1656 178996.5313
-360924.1002 924284.7454
-516992.7765 746807.0338
623712.8125 -19841.04435
-37758.44469 -130386.4112
140952.2881 585829.9859
922719.412 -474894.0979
-513857.3356 -811986.2811
-773805.9711 -378864.6232
-808751.2582 -976604.8694
554328.4231 -745778.5746
-527895.3921 -216093.0893
858764.2931 -613667.6543
719636.8326 -625313.4447
971447.3194 -737506.2496
712526.904 444085.2997
-387220.0623 560247.5023
653070.518 -911099.8058
-409819.2559 -188168.1798
557941.0948 -328544.5172
-172312.9559 871154.9308
-122604.8915 815747.262
924261.3228 -867736.3781
645171.2839 976640.5096
-915099.5214 909575.7318
-773901.4296 -836207.2444
666105.2267 -296047.0097
-639441.2815 818710.9323
232328.9102 708681.4452
-502668.2556 -695651.8221
461998.9526 -910711.0724
-927352.917 24661.25182
-751230.5882 579367.7225
-412167.3454 619724.5153
606119.2127 -522256.9318
-645285.9844 898459.6429
-868095.5993 -498433.6943
174571.8588 -848535.1096
-268040.2607 562926.1058
-52780.64963 979457.912
-678590.0074 810355.3437
-753840.1125 653014.3519
-472954.4822 -954131.335
-169386.3289 611251.3055
753118.6844 -97446.30453
921471.5506 -441124.2058
291319.2183 680940.7838
-645210.4513 -883076.8079
935203.1765 -4656.159808
104836.2008 -52656.13139
184007.3934 366686.3238
496779.4748 -328549.524
-466611.0714 -535063.5109
-371776.2914 -337688.5066
-893755.8338 367431.1481
925838.8925 -359838.2301
314002.3369 221837.9317
-954104.7292 -889398.5573
-872111.3805 767270.3541
159287.2501 -334611.7672
-106122.4747 -465717.9059
571786.7952 -817039.464
81321.57809 -992648.8196
-445966.3803 -346385.1908
953335.852 7430.392192
-210514.2868 334305.6476
-994273.8089 290093.277
724549.7275 656276.2669
-105412.535 -58519.44479
-775484.8255 855089.3623
366823.5472 841416.2313
-555773.5304 -259828.7921
-607108.4538 538956.9283
395330.7113 -976792.9384
-401395.6873 -526459.2899
-888232.836 617517.0018
830723.2956 -420352.9711
-126074.5573 179403.1227
-141206.895 -713026.2953
-303450.4044 -525659.3945
-274196.4545 385430.0898
600548.6083 -406575.8141
-187757.4486 -114480.6831
516516.9788 150477.4999
-651707.972 529944.9651
-206266.6633 839486.7433
831392.5825 737940.5916
370136.9065 714565.5068
-745487.5302 431223.1217
537460.9137 -584352.043
-661518.9181 865300.393
-120941.7647 -975463.4712
-700869.0662 186683.4778
-221674.2746 172823.2213
395563.3177 516064.7604
-404797.5495 -471623.0544
257407.7933 543511.5725
658065.9361 971153.4861
655099.8373 -438017.0571
759593.9025 618706.5955
-526476.952 -116537.1061
18013.14503 -291214.1293
240936.2137 972382.4078
716410.5863 538640.7994
-241359.4977 -295653.3935
148271.5273 436823.7126
929185.0638 192014.7651
447184.1907 -347004.733
-286125.9532 187512.0469
226280.387 698559.8912
-765835.6586 -338622.7652
52665.80352 -144147.6606
-203446.2737 -714479.4398
348718.8786 38059.76268
813111.3622 434511.9464
210704.0781 785083.4391
-54157.88675 -656603.1652
-474166.2729 -3291.871547
-324990.9845 682751.3437
-257317.1763 710061.0881
657606.3681 486505.9612
418802.7384 -324432.8577
-333589.4786 -885997.9517
184099.9743 183573.7953
-518592.0339 261039.4822
700937.8205 -632264.1389
-86347.22868 -848961.8785
-20117.71013 890020.9035
232133.383 -956257.5666
-23861.8566 93682.50432
598303.6806 -980173.4589
293346.7262 -527972.3451
375189.5242 172563.1511
-932963.4889 251986.0413
-234525.0427 299464.8572
13796.42456 577377.1079
272624.7904 -468023.4296
-751106.3444 439697.7769
946831.4149 -441852.9153
-141043.7177 758694.8331
-124221.7896 -847586.3051
-500111.4576 -529974.3253
485648.6612 352395.2197
-646008.9412 -516068.5729
-626611.7673 -955657.1349
904774.5527 912186.7108
76502.10069 47592.02193
268459.1643 -747165.9717
207657.4014 77052.60313
-768491.8565 -297481.7258
-510844.021 2750.82665
410476.4741 150068.6482
644151.1766 -120484.3516
752300.5277 902617.4921
729984.9525 -914400.5608
-81194.64735 -173983.5404
216226.3381 679312.8748
-651082.452 451530.9507
-235954.6854 -599273.8511
-267626.5061 96900.52978
-733762.443 -776795.6187
346018.4345 -641428.5622
-685933.8288 -920474.4628
-900770.0035 -869340.7709
-702399.4864 142910.4023
-647347.8146 983159.8909
844880.8764 -159861.1509
-360082.974 420234.4753
-31798.65805 38826.58046
34980.35838 -633745.7524
871606.1345 -319707.9946
778374.7526 -134227.702
457402.6139 -803921.0602
509188.4986 -199459.7164
971308.2242 399024.2354
83520.84158 459292.3539
6392.503315 53458.39287
905068.332 261197.1996
23630.75828 332817.8054
514225.3506 -84817.44611
724965.8652 -862425.1691
-332319.4089 380424.2809
-678984.8863 -707838.9098
-231110.6697 138844.8761
962600.0517 -791117.5723
824765.5343 -400187.5399
-892028.7605 -128560.6127
971424.7604 -954115.0565
-134463.9962 -814737.1786
690435.9698 297596.5448
46342.05755 277577.8027
794014.8161 880899.0073
452586.7455 -345822.1085
-237863.5508 333453.5462
-572814.4971 338589.9879
-997573.2008 -238638.4316
-333679.3615 -572940.9215
618335.8472 243510.3747
-343971.3898 -31120.80795
-86031.47986 189817.6295
122934.832 -768260.7269
-42488.0177 647535.6557
-480951.9718 197235.1968
-769802.7061 882761.6175
-391712.4882 -675538.3377
-133449.35 -392791.6608
-25711.27783 351217.5286
817056.2459 277487.5256
-173896.9235 -702876.7285
-726948.3086 -490751.936
719786.1934 120233.4756
-998738.235 421508.4864
570462.4171 -809541.6803
414120.7346 -435300.8148
-9917.229004 282127.4199
-762135.1773 159321.4497
63625.04365 76866.24699
334844.4018 -245676.9625
898624.2235 -941481.0081
52292.53864 -204367.4591
-976193.4726 -19056.31084
-31028.42874 906531.5143
-962410.8695 122155.3441
-870269.5229 72980.30729
545091.9851 72622.90852
240389.7997 427170.6064
-686790.5012 326056.4361
-961968.2538 105163.3048
666625.0358 969177.0211
247122.491 -982856.3759
696204.1108 -436051.9372
643976.5047 -470968.0065
-746784.4859 435989.0803
-140771.2221 41560.4511
759977.1754 -310930.8326
-445094.4549 -941127.6726
558255.3868 -739966.3208
-686873.0714 308538.4664
113939.3443 700161.9811
-267240.6211 -905745.4152
374860.1446 759649.1169
-682677.6941 536965.4756
312104.189 365221.6556
114843.3664 479005.0556
256671.8702 327734.7225
-672023.7732 -623572.4478
-281603.3847 -135675.6064
-564160.3407 -591617.2369
-236820.7494 -206854.224
-384685.3889 -897465.2599
-708347.7211 -836854.3339
-348903.1273 142230.055
171890.2233 -453684.7542
29043.20135 -592606.1385
-460610.9848 -559513.4569
939268.963 46557.3349
723187.5411 584603.5549
588575.2289 326653.8372
-81257.08024 28608.95329
-841561.1665 -54634.87805
-759131.8548 436200.5802
-466623.3252 179579.29
708652.2759 -29717.54351
-539915.5065 858567.361
-996575.7043 -90354.64964
-216885.0852 -348234.028
159257.2073 -626551.6112
-378033.6483 -836583.0492
935713.3184 536086.0185
-585338.7584 553068.3912
-583639.5923 997433.2115
559540.1041 179119.7423
-251408.1472 997290.8988
769954.5184 277702.0895
755821.3798 435709.9035
-464745.5415 -637431.0876
-965165.36 640823.9718
861773.7252 -561008.0847
-320880.7011 221924.2232
50340.50484 649247.9138
16788.70569 -169776.212
230448.2535 -325536.5987
382535.1486 -782291.3543
-892722.7905 -415689.3742
559103.6769 333316.2044
-328049.4425 68680.48553
-819988.8078 -598231.5735
-656408.1492 762281.3565
-79943.12304 468488.102
-847012.5062 -480654.5329
-829815.0855 -749937.3952
-250726.4333 372998.8494
803586.4912 -42289.17659
335375.0924 794580.3978
-478529.2183 -104782.1994
226871.5186 554491.5046
-107766.2277 86706.31142
794305.9895 144447.0478
-206422.841 643796.9836
-919052.9597 454356.386
-709524.1258 -66418.29671
-763682.6573 -639782.463
-550981.3805 -463629.027
-745875.7938 -461152.7696
643964.4609 -564320.5415
726203.4462 -724406.1107
-297808.3038 -855500.1626
574930.0093 -483997.515
-610894.876 -47015.83665
-249375.7939 570601.1881
503627.2891 -177365.0222
-846101.554 -893372.7356
242660.9539 -527927.9499
924835.5171 958840.4692
197942.6586 -143637.1666
-483211.8359 417545.072
49669.89196 -865590.7046
202301.7888 137217.1153
785744.6814 394232.138
-717371.0757 884174.7334
-32150.55761 -804597.6343
-952413.9295 347064.4832
162798.1786 128215.3145
864835.7436 -209009.084
-919300.3828 -307844.4518
-36019.8035 -964645.1186
-26884.60231 -624340.0788
831549.5222 129451.7541
472198.2748 -784621.4559
956850.2995 369784.6828
320840.7446 -953373.6354
-983560.3285 -661189.9822
-682684.3093 -88852.8866
728330.0846 -168979.3217
162675.535 231725.32
-572309.7276 -803667.4314
407029.7082 15994.23773
157570.4273 -428827.3992
-345004.4435 -141831.6261
190400.8331 679561.0964
-170037.1606 821653.0098
396235.8755 -404217.7602
-350059.4559 32864.09733
-1101.558402 970662.0772
-120425.3413 -253034.8178
881935.359 113913.1933
-462020.1399 -58649.44136
346350.3998 -667639.1807
406613.0802 893866.9705
967238.2531 349246.4861
35084.03751 254784.3238
-676521.1104 943127.9556
7585.482749 -760946.4773
512643.5444 676487.88
257234.5721 -198299.8047
-604508.2691 343431.2994
-230928.0091 -848378.0855
-936651.6571 139311.4845
298604.3007 235174.2099
-625921.3843 -872485.1108
-830737.5892 736408.1285
-598374.9653 649413.3498
-290142.0951 -620107.5048
298493.4065 -699845.3567
597061.838 -688954.0272
-389871.4776 -768602.8048
-490884.7166 -491276.1023
787016.2957 103035.4279
220681.7861 499342.266
728461.3759 384236.4918
732770.824 898473.7799
619152.4281 119571.502
-224531.2211 -515730.9872
-991719.4978 43982.08915
-443505.036 677327.567
-961656.6371 140686.4062
-334292.8473 704994.2882
-915266.9655 25564.05876
-22938.99068 943736.1571
-224245.1515 -906340.9966
-456174.9654 -759080.976
518008.6792 564090.8956
98195.87035 825346.7423
385478.7431 -68270.61735
276507.8126 -894051.5181
-971132.8481 -900329.3322
-188136.0957 -488455.8413
665545.0095 115625.0495
650147.1575 217925.4314
603782.7446 942676.6646
-524415.5854 -949798.7687
406805.5388 -275217.8835
-15937.52141 618874.2585
180295.1474 698062.4602
-851112.6807 -334446.8243
156891.293 914810.9638
543094.44 -787948.1031
-478621.4293 519334.115
-589552.2273 -181503.5567
-256729.926 330066.3162
925476.3491 105976.1791
-498107.457 233567.0794
847389.1403 348309.3361
394916.8817 443186.5352
895565.0001 196324.4272
-531195.976 518437.5561
-343802.5202 -378401.842
-450289.9692 862902.7664
-302951.7395 -128319.3691
227176.9376 85129.99738
-824639.7478 -86328.07568
-699735.5508 259808.3015
681354.5781 -62061.82372
962552.4813 -428478.7021
44588.49861 -832744.4453
-353774.594 -485424.1357
433687.0421 -771782.3207
753185.2709 753955.864
221135.5479 970847.2218
514913.6526 287517.1545
-259335.7103 652151.7353
-174751.4422 774386.5454
10063.45457 951029.7207
-840738.4859 966450.9253
-322963.4885 316931.2997
-244520.3666 510680.5751
496686.4982 310518.6594
-386551.4346 -802042.5231
783394.9135 -860063.6358
355731.5909 -438445.2072
866436.8204 589510.1076
325490.4307 434997.1862
373611.9358 403153.4777
-947799.8191 248421.166
649891.4908 710723.3084
-664648.5074 -408984.911
-408564.9669 -737386.1211
41885.34889 253218.1197
-610086.2596 6716.889932
-881792.0433 -991931.9475
295821.9564 689507.2657
489830.7298 -769162.9035
-668614.4693 -704554.1545
-198135.8765 906127.347
-133327.4255 409353.4411
-744369.4977 872892.1852
-676396.6892 787817.5044
-346365.6264 -618033.1016
-265926.9761 -859259.8988
156520.1533 -806943.7509
-950450.6603 -762798.5723
-519800.95 -673817.0603
251247.6596 -706747.7115
213978.8564 752485.0531
592698.2552 -734138.5349
728610.5537 -433029.5399
971733.5566 225487.4741
362118.9285 466329.3138
965591.7252 936453.3702
702816.9694 219520.32
-997978.0649 -190086.0492
-187078.6213 -9983.64354
-163368.7108 721449.3736
-675669.4088 -337753.5835
437275.5826 -905805.419
941631.1695 938249.9889
-887591.1867 745008.6916
-475695.1633 449182.4679
-709030.7609 -569107.341
299189.4458 -695622.9694
543352.3034 -948537.0958
-216168.0281 482518.4135
820601.9058 -382218.9476
-324199.0635 843703.5614
-414263.1449 -977220.2817
-208028.1282 743672.9782
-361036.3597 320470.3432
-56196.35385 942003.8026
633229.0659 -44422.87535
-859071.0998 -636503.9296
137143.8203 737890.9474
863467.3871 -893299.117
-422260.3401 -693971.6448
-941561.1301 -602610.9518
-463366.4722 468288.5446
-839970.1073 839910.2014
-913279.243 491107.5553
847489.7094 564414.6157
-936091.6115 -941342.1879
-691532.9497 -178939.2326
-177320.4593 -942851.8289
-993047.9254 198874.1799
-532253.0854 -834408.7378
66814.62807 679775.9167
-894535.3785 217812.1987
-914008.8773 824697.3673
46081.75893 232459.2303
874071.1919 -676748.1593
-777766.0427 -458338.2801
243146.9281 938534.0221
-624486.5331 -855123.8098
993760.7743 56424.59972
831005.7237 563533.7414
-234561.666 -884497.0274
98220.90969 -124709.2236
920372.5312 -194903.3834
190063.2557 -587650.9872
-913974.0101 111197.9513
850659.9234 -541586.896
906340.8572 -742085.9018
81341.66194 232153.795
-865776.5225 -636678.8602
388574.3819 -687967.6802
217613.0036 -570567.3037
975064.7375 312864.5641
-369746.0971 -836639.6255
-379394.9239 379657.8465
749359.125 -794572.2426
-31724.81872 -14107.55712
186399.46 -275569.7066
449759.9436 -67198.65744
632493.5681 -34661.3623
-982940.2303 -102533.5581
-317208.1834 -650460.7124
286277.2147 -504713.9267
13372.57042 251853.4354
-250454.5714 501397.0167
-993694.2253 271954.5171
-223352.2789 -668297.2211
148978.7508 -284358.2778
734344.0667 894168.925
-406342.6161 358091.1915
367784.9975 649519.8503
-545691.4481 334264.4443
16080.1313 -908179.8375
339906.6729 -9331.109099
528383.0367 -96785.50561
145887.2625 863182.2936
-799485.1605 372871.6386
-952454.0361 997371.7123
626935.6129 -826503.124
246771.875 691863.5331
-251426.595 -3724.181435
886328.2391 -9423.484327
851197.9246 -358055.6883
336258.6144 -246161.7431
431975.4749 -330520.9696
839692.1901 251219.0427
-493055.838 -588528.6317
396730.0739 282658.396
779248.5269 -523951.2544
903345.8851 -283348.0495
-874244.3188 505569.9882
162518.4866 60371.73167
1498.034071 -540930.0704
-149651.8677 -640704.9743
830759.5329 -149679.6695
27191.72621 -416716.8256
-888940.2023 -911864.1807
678623.9243 -124018.1474
994848.8887 -541718.9587
263472.3023 245900.0804
380262.2709 -517008.9281
490163.076 802537.1799
-400259.6482 218401.6948
981210.7783 703503.4828
-513251.5497 801213.775
521215.355 -870023.4297
-836741.7926 -33189.11054
-376586.4221 665960.3692
928817.4154 477519.9725
995027.9895 996205.5136
442612.1717 -547691.1548
612205.2964 -674143.7507
337522.3639 -210600.1902
769300.1493 -936010.5196
-424763.7835 477040.7281
249604.6867 39933.85666
216818.8908 251649.4773
724489.8742 -421784.9268
-241469.1841 241425.0603
26997.22195 -961597.4972
-297143.8352 -850238.3059
959576.3287 261504.7447
-107265.6643 895146.3839
-329082.6347 759708.8011
778704.1929 641674.3677
748934.2332 -186287.8986
-427298.1066 -885754.2511
-566777.6051 -939085.1235
19899.28253 679694.7824
750485.2852 -229273.3519
951120.435 -490381.4683
764050.4049 240288.3418
-763034.4508 -460233.7183
-63542.35498 -648750.0892
-913618.4912 -733688.386
466879.5191 228399.0124
-248271.6873 -756821.9589
898924.3837 -998621.8041
-659170.9257 697547.7644
431652.678 -325261.8121
568242.8542 -256743.5899
485211.044 296005.1878
967612.5682 895640.7604
605228.5914 -906632.8223
-135701.9819 872443.6546
547610.3552 -523052.7457
-462147.0798 740302.7318
320388.0675 -941832.2174
-115205.224 -389566.4998
64212.52884 -8083.30057
-237619.1278 -270776.8349
129531.3296 701738.4839
-980877.3216 454283.5338
203520.8757 120442.2805
-928383.6869 975263.4892
745448.6777 844960.9426
447432.1851 -56400.05559
262731.727 -32380.31982
-864645.354 485993.7224
-305061.6605 -477151.8182
-693570.8494 -367306.3072
-434064.4382 -291693.8844
-669902.8941 -664433.8367
511349.0899 -697748.2569
-552488.8705 676361.644
-321753.1592 337437.0681
-250329.9509 907335.4674
-128088.6082 567318.0126
909905.455 -286099.7444
-602695.6796 -26994.69708
159484.8091 -901840.876
46946.57673 -155081.4688
-356622.954 382835.0166
554836.8964 363530.8979
979856.8361 -360092.3667
-960027.9494 77740.18215
-805880.0297 -24088.30983
741157.3295 -795451.221
291678.4465 -333925.205
577960.0469 115787.3892
-383074.7957 -255783.1518
593238.8153 118000.7317
-17646.90215 -975335.6946
-994878.1577 865583.0081
-258864.2191 -706597.5466
256823.6886 -670272.5375
113186.9657 202027.7277
624307.7599 -80197.80946
-283207.7693 884433.811
857811.9275 -382600.1764
56328.31284 236400.2085
-358844.599 698644.5306
-457462.7568 -90644.35948
74372.79713 306790.3256
-422680.0686 405307.6319
175528.35 345200.3616
35437.10003 -320396.6804
18902.72094 922365.1684
520456.1754 -346015.7255
-71720.02114 -887598.6413
825020.5194 535692.7431
912609.3547 666852.1783
997628.6473 443072.638
-195112.5137 43257.0073
-196498.3364 -360390.7005
-748606.4786 532321.3135
-511948.1018 433214.532
782286.5032 795121.4912
-884084.7412 762011.5297
611792.8956 566845.3232
-309611.9448 716885.554
-758982.2057 472100.5735
-991027.3498 655371.1761
104982.8138 356865.1686
-739256.7725 -771416.6507
-304843.9691 -139648.3457
739301.7809 424791.8396
674694.8985 -579156.2994
251042.4106 -617627.5755
995330.9579 111927.2205
-608555.7943 678117.6274
-425705.8393 -782186.7296
-982482.784 -904048.8142
309087.8722 -342097.822
471810.5431 539156.7134
841804.5027 441206.9712
972069.7721 876207.0268
13070.0336 940123.549
-489264.4451 31794.77434
672944.7296 -94380.86348
76213.40309 38925.75111
-888429.9447 250249.4574
-266318.3182 783584.5847
585651.6864 -107133.8785
-858506.7956 -672547.2441
-38886.85842 924495.6622
208768.7894 -262439.5596
-2431.742766 965017.2917
-237471.007 321178.0491
-767305.4042 991399.2141
-260818.1113 -951832.4409
318479.2279 -906064.2608
346713.9087 -324080.9806
459096.4816 -996509.7331
-868832.8318 -335395.2263
37611.44452 281425.3763
-814597.8827 378229.963
-936540.4025 621503.4974
-846477.0769 -911865.0293
-983226.0733 215441.4888
51211.39904 566766.9079
-746984.1022 -130729.8279
-610123.1107 369238.8159
464067.7989 -984019.58
299858.431 963108.3005
916978.0164 -736845.8262
-82514.62753 76385.46747
40871.37938 -912783.4383
983352.8054 319752.8268
-583207.9044 51629.02788
495138.6823 541131.7078
-146553.1068 568929.6755
-437650.8612 76189.6882
-917548.8047 977651.459
-903191.8605 511381.0124
743780.1106 -251344.9904
-795578.8211 570047.0325
-725774.6047 -180359.204
963800.567 938965.2915
308775.5315 -787343.699
730423.4167 540763.8924
-951576.0552 920026.2454
518170.6803 -228640.8257
-272808.754 -587484.8334
-652711.0702 -17930.17944
115852.0216 535768.3232
547927.2961 -747535.5917
-174756.8134 -382461.8984
-60558.15013 -524225.3877
-866382.8454 218589.1439
728601.0805 -437791.5246
193449.7056 -280199.1851
-461681.0406 -925945.7068
-41081.62571 -398563.2017
482083.758 -392379.9598
-836458.1426 105853.6884
-987127.3646 150965.1433
509262.2811 -300004.0084
-832588.7699 44179.5484
840179.1934 679268.3868
491713.9273 -64772.7516
841301.9013 23405.98349
-957518.9015 95545.902
315941.9845 726133.5275
876704.1941 -615116.6099
422672.6748 -962307.7694
-622323.0305 -979160.879
950588.4648 -733405.0685
687941.5838 141663.8771
899874.0501 114215.0645
750672.7018 310471.7816
-295683.8075 889176.7446
162107.2645 -171110.7692
821897.2277 -84621.2886
492070.021 -328952.9436
-650915.4462 -573053.808
964658.6048 -638770.7727
-867839.4186 226486.5402
-207251.2474 234068.1721
-917243.4569 251470.5767
-252185.6963 618631.9309
704572.1727 -78689.71183
102077.2991 540083.2043
-417998.9391 -248714.968
-575791.388 409641.4393
-568536.5932 219982.8811
-988428.356 249259.0533
-831013.1037 825599.7662
-452729.0575 819312.1001
-746253.8389 -888305.6469
-631037.0639 296095.7446
-878727.2313 586795.9128
-401806.1848 -85143.43962
-408228.3689 -225680.29
-214055.3689 273545.1441
604125.4027 -449767.0347
-990239.1872 -956702.4987
-275828.0415 -768968.2415
599114.1713 644694.3328
186361.6001 -560821.3227
-723265.6973 113034.4967
-426717.2609 -436487.1437
-572822.0987 -884263.6618
-2326.718915 -528396.051
-121317.5198 -499774.26
-334521.7907 -111621.876
830072.6072 303687.4806
781283.2671 -687938.9441
-322405.1054 -353626.0437
-615628.5841 412271.9415
-601751.7974 -613486.5675
-865310.0541 -762011.0539
-180173.4131 173589.503
85900.37222 -917144.9147
15121.85697 371431.6803
323724.3091 698226.4133
-237436.5061 -44098.42458
620968.8052 -322485.738
826054.6628 444827.8152
-122514.2577 541604.7196
-165961.8889 34535.40418
800474.2325 -6250.943729
-828938.4468 -182263.8667
893528.1678 -507432.2235
438162.4141 -975949.4368
-62726.42683 -925592.3625
-904363.0153 238840.5762
-849412.1146 -487490.8459
2367.550389 287811.5966
399485.095 -282931.7485
-91644.32735 -276490.4489
-324904.2009 -882747.9917
-549530.8668 -304301.3185
-682840.3178 -667863.3396
-990767.7023 810661.9244
832042.0102 -190430.1519
-561778.1666 640430.9964
-929942.5991 923460.662
270103.5338 856441.3136
-762087.1273 -982471.2106
336137.6968 -400533.3028
-330480.824 975483.5882
-603607.5732 416315.8792
-303557.9801 140674.9242
206927.1187 -689958.6807
-10883.4436 579375.52
319632.9005 -825166.2956
-703346.5379 -253708.2539
-278050.5594 -954973.708
76467.29374 -138996.1038
-911601.8503 491574.3771
427800.9281 -347533.1821
-103471.1917 -493599.4321
-540895.4378 578727.9156
86906.43676 -736634.8746
377043.2608 -992751.3627
-382293.3868 308063.9469
-49085.45756 -791871.1815
-933129.4176 -344987.4366
-118733.0612 -989481.0591
-493035.8297 -672847.696
-324401.4402 520976.5415
238402.9243 -639598.469
-813979.0997 -788902.9063
-716337.0929 -718764.8918
239780.1844 -689723.5626
996803.4992 534785.2527
-559679.8109 116757.1213
956128.7385 -694454.6796
-404579.9177 -970956.4646
983063.5367 -691166.1318
872141.5132 -956999.6096
-909250.4844 -816440.9429
-558048.9766 443014.2375
861649.723 -21688.30451
818189.1405 -857721.4579
-192843.7935 -591397.9613
-407762.014 -446232.7907
-693435.3543 -290939.1374
829421.8559 -861411.2551
-687776.8515 666269.6502
-829204.8102 887540.3611
431566.6355 648396.246
-968533.4337 -659356.5496
578286.9832 -518535.1757
-711952.6609 799345.9379
722304.8941 653311.8273
-976981.7119 -242255.4687
213860.5275 -314860.0074
-992324.8127 -452976.3655
415407.1457 755182.9369
77427.36839 -893518.66
245990.5306 280231.1992
-315384.1169 -877484.5569
-514858.3185 347847.8987
-345487.8262 267959.6315
-330943.0955 782438.1042
237429.3804 -747135.7426
-885287.4971 -190983.454
-813952.1817 884478.4986
13188.87363 435959.9899
693603.4744 167819.193
379607.2594 -989793.5972
-710303.8784 -881890.7574
838510.7362 888956.0325
407434.3194 673960.682
-577401.8163 332336.3332
492023.5712 776679.7757
998425.1906 248109.9656
209150.9893 -255140.87
-650953.1971 -341538.5747
198463.5699 339993.6097
-430435.933 673412.6173
707465.2037 -526932.2897
288082.862 159514.4389
847618.6747 -45159.13462
217944.5878 -194688.6221
891803.7315 -981408.4202
186923.7604 -196841.2482
-524503.7518 211545.3575
-574572.3204 868279.5017
454029.4982 -395271.5941
-37926.7104 952943.6331
-166917.9868 121768.7027
515008.4787 116543.476
-581071.3467 625018.8426
-879267.2456 -103055.649
-117594.1151 -922670.9098
-812168.4864 594298.2184
-837084.1585 -35014.45891
121520.0279 179233.1123
-61506.81188 -41591.01882
573457.9559 681670.8504
-911732.8664 -454346.4321
461283.4741 171638.2923
-764750.3939 51970.24063
546325.011 -492001.6489
-240689.5713 -667514.4982
-87536.01187 -616010.2624
-272704.028 -265082.5879
-72642.01361 -972761.738
75216.83906 -770706.1685
-787660.1097 381833.5932
-720076.5093 908824.2438
491290.8248 -88306.36183
579535.4638 392953.163
487546.2439 522136.6902
-516217.1919 299075.6126
102838.7052 766702.8247
-835390.1155 -769394.7903
-804051.6981 371951.662
257929.9514 -714661.0047
975895.1299 -400277.9824
-687393.0785 -991783.3125
-157580.6272 -774884.0894
72514.79275 59814.29567
-43159.11689 -192753.7838
873823.3844 -89162.0027
-949270.6896 -216853.0095
237688.8491 897644.3594
-279878.9595 -818606.3248
679475.1473 -625745.8973
-67796.62988 223378.5549
819530.9876 -356634.8384
-724593.9739 886169.9461
87177.43262 994552.9225
407817.4314 495324.133
-271664.6998 185785.6705
-497196.7905 793571.381
-608616.086 -308539.9971
-610186.7593 -741795.7447
329435.9745 798556.3527
354898.0016 -600680.4758
-990421.7211 -191201.1613
376259.5496 -142498.6168
-223521.6081 245800.2794
-798492.5739 -413282.7614
-842650.7612 516417.9614
218282.3135 901540.091
-513517.4682 -641932.1098
-388520.3231 -827131.2036
-606497.7468 -19573.49593
-212354.0604 54810.999
455212.2099 382094.9795
334239.5898 -681824.2226
-900321.1196 -387704.4029
265270.7609 229755.0914
573771.7392 894059.9701
645063.2227 317524.0062
735286.3239 -759203.5656
-120097.891 330360.7279
902803.1375 899983.9882
-866306.6396 377618.7728
822690.3534 233051.0683
404365.2065 212221.5319
27607.88047 799942.1128
-604442.3262 -590389.7477
-785746.33 -38002.16462
-904095.9345 305.6655918
851052.8439 -8253.996899
218456.8079 -732335.7504
698517.4148 620205.4984
513643.4416 -966392.6727
-825890.955 979971.7964
-837106.7346 749940.7852
-154175.8846 599961.5542
-780710.0224 177427.9782
228907.3567 556608.2575
163493.8588 322189.6791
-184075.9014 56997.63044
-186887.7883 -509024.6923
-752805.1621 385598.4879
873950.3983 157931.9275
460712.7515 -909190.16
-622138.1486 -268058.8215
-270233.7042 -929738.8544
-295790.7541 -868474.9445
-179091.067 348402.0036
677832.948 736739.566
211562.6623 -367289.3438
-775517.959 -584688.1775
-424663.3345 -980527.7578
-495837.5784 601853.4352
840353.4237 595004.4571
107774.141 -733534.6067
-493964.0828 847965.4121
833421.3013 -472723.3651
-119120.1174 -935910.0829
434609.6637 889394.7691
680667.0476 -344743.6829
388772.7846 -908724.6744
-555278.9006 494114.761
149521.9543 -823733.5121
-713764.5925 -835795.6321
863178.6162 315064.0852
-45870.29284 -292107.6559
-676162.1143 422443.4717
822990.2837 -803757.0718
-880263.4289 948298.7096
76283.8969 755446.0161
-596858.8448 -832287.4513
989980.0758 332943.6911
-86279.17868 -442753.789
-724438.9447 709674.1455
806397.6514 -675216.3578
-592913.3345 323626.5455
865756.9075 1966.694268
350568.7382 -310878.8317
642783.0687 -563595.517
168511.0168 -559304.202
338202.4334 573640.0393
850666.1672 -619847.8961
-595390.0497 -499397.2428
-342805.1337 463888.3622
507772.9098 975323.3134
-331832.9935 544709.4119
572018.1284 -948494.5494
128459.0372 427771.9943
683538.3307 129231.8774
696317.2585 878786.6662
370331.5284 670044.3665
-840150.3885 -14769.42628
688146.594 442120.6347
372354.1398 209751.1243
-984537.7205 466067.1068
-121382.6584 -531730.8782
-149575.7709 -998442.1949
518018.1988 -277368.3058
741492.9135 -773047.967
-904249.6017 793293.9971
-775181.6305 -101823.8942
219619.697 481389.5687
334567.7342 -107124.3436
509243.2246 647554.0219
-630587.6052 -641561.7431
980506.0738 -692805.097
-103896.5821 -893823.978
-609410.1475 982833.4789
-409247.1103 609065.2607
-867168.2571 692839.5908
-102908.9245 -139003.6609
230096.5866 599933.2589
720206.823 -321887.9547
-169172.3109 -621318.0951
353750.7016 -455409.9145
-854655.7709 413850.1993
55921.64988 22939.20467
-436353.611 -796694.1643
-372433.2935 733944.7248
717813.108 413522.4727
-660920.0529 -436106.9361
715818.9159 361950.516
-16281.69684 -275720.2374
-718710.7934 -226144.4949
-551997.2243 799234.3517
322132.1471 322199.0111
-166801.5123 -594358.6238
-244793.7731 -60098.6515
492829.4923 -510305.2701
-300954.6326 -650193.6365
732364.4229 609249.7134
303017.5563 -320704.4754
-617530.8778 -393734.3856
-436278.084 -419759.6481
-990236.3661 162293.6495
-856028.5862 123700.9074
519298.3929 883643.7346
-150423.6683 946168.4743
-740094.0863 764042.9362
637242.1019 -593850.2392
-127664.0483 304128.5109
746584.8122 686606.2834
798802.9748 -864821.1915
764888.5583 -264077.0106
782417.2043 558421.9388
117643.2691 -211488.2749
-997205.9389 299492.2025
438867.3443 347724.1805
431882.7214 -816390.0543
154514.8856 646731.096
-840549.9715 -327699.5005
-72756.65402 2250.872638
-83461.13159 105130.0915
865423.5134 207167.7123
-797883.1747 -329922.2913
660094.028 710626.6891
822765.2442 -807557.4433
187782.1902 980240.3064
482292.3787 -410989.5164
91844.6191 -426997.8368
-163052.6222 45889.80166
-800720.2993 282089.1793
-908373.0708 893187.6327
697325.4086 348587.5873
-515156.0508 243016.0731
-232236.5134 -980758.0775
-138155.4934 577403.0416
-124877.9403 675123.6513
-476101.3599 -226490.3929
-136407.8493 894740.2938
-751064.2226 821862.0557
603164.6818 -269694.4215
-754214.6776 -660709.9438
203129.9895 407243.5674
60576.86809 -182842.4098
767085.6405 -935135.4998
917558.1588 -646563.2389
267041.9378 -59246.05343
290652.3411 362238.6505
831660.9221 -85490.75641
-656741.6793 821523.8139
-236933.2938 951280.6073
299530.561 -267372.1506
-806308.7577 975897.3118
-14202.74336 547125.1148
-949036.1797 -997517.3825
-803973.7101 57634.30275
64724.22732 131946.852
-119053.1988 96548.39536
127768.1188 -923856.395
971398.7604 501946.1821
676769.9265 -619864.9936
-399895.0905 785058.7934
-86208.72846 -90785.6096
454019.7542 -955026.2784
249412.6597 -986989.4698
-89983.17342 738228.2448
-791993.4165 660558.5792
912682.922 -467225.8126
380070.441 491165.4954
-431682.7901 565729.3232
-720373.5524 -520081.1296
-593262.6162 722571.695
-507895.9697 -466595.9078
861469.5839 -888880.3358
-150744.9181 -343115.7336
-293105.4357 -799421.0873
-553631.0142 -528901.8978
905573.7125 -303482.1747
-822793.2506 -138097.0636
-324016.3311 376375.5504
-764094.273 110841.8429
-831293.5297 -808873.5063
934025.0586 969795.0879
774871.4573 -166555.9644
596707.1498 556270.7814
-691555.9867 646681.3252
400653.288 -853799.4795
-430591.4006 941311.9871
-60179.28686 883283.4695
-201749.6629 -149495.95
419974.5782 -428268.2749
392596.9377 -341929.821
675016.8342 333752.055
937047.951 -746241.2769
-524932.6965 -85078.29705
939106.1314 175875.0085
862356.813 -625753.2801
532110.1495 784187.0402
-559409.0588 922143.9319
654233.7811 59007.18031
-19062.86986 -872312.2138
360773.2396 778490.5136
-366246.4636 -954401.7447
-426036.6422 -437656.9056
715699.5902 -196261.1706
887412.9198 -567216.8105
197591.7007 719270.6686
-997339.6371 -304088.3112
647590.0111 -338017.5958
-490165.6429 -101901.001
-596567.7783 440644.8926
-241259.5896 -600131.7012
451375.9667 568168.7772
711918.5951 422224.6609
268644.1149 -831546.8456
-50245.50711 -151239.979
-637975.5308 -842457.7402
244981.1857 -715534.098
-326135.0531 -299728.381
910364.3239 891865.566
-341596.4656 -579358.3884
955592.8873 563519.7595
211811.5474 -313358.1605
-370307.7782 283302.0882
-168520.9888 -190891.0962
127872.5578 634343.9312
-59713.18563 -893825.7817
-186801.414 172222.4074
-657134.9454 687152.1128
132552.8688 473814.1996
-35265.10842 -197552.6419
407323.2047 -346894.8881
162719.1385 -832868.5303
508743.3206 96621.9593
-58612.17677 789384.3453
-732181.8747 834458.1718
-278300.9255 700928.8142
-836162.4042 702801.1088
42456.16359 -621471.3774
60027.61612 -319335.1555
349980.6126 514998.6549
-804635.1927 -264254.4038
-537975.935 -209334.2995
-384388.417 274620.7393
-255914.5968 632552.9158
193361.9076 -940926.8503
-192154.4157 -366772.7501
89741.15403 864064.5319
-358371.4223 -756387.2494
-629710.3273 659032.6944
310041.937 -723314.1538
290800.3185 440554.7852
670583.5558 764740.5849
972984.7368 -470004.1101
-102217.5385 -723435.9767
426968.6085 62242.02792
319929.8911 -391568.771
95091.86451 -25933.55199
-581196.8492 -650414.7753
489077.5385 -669199.6783
337103.8374 256172.4946
-796270.0096 926501.52
-454990.6916 -803972.9696
-797282.55 -681566.015
277053.1142 -724153.3781
258252.9414 -200.2932798
45799.34465 -805293.838
742062.2576 955927.5809
-651252.3405 994131.5276
601815.155 -355058.6733
802259.5584 348902.8538
513550.5172 141832.2057
-294316.8067 798503.2806
993183.3257 -956215.7916
231112.4673 -402982.6436
-573090.8276 -26423.20143
-406958.4226 314765.8714
-160775.0575 -423092.7518
-328678.4871 669113.8317
145500.8178 -242593.1106
794433.681 -352515.0622
80852.41562 318116.7545
-709581.6302 332123.9044
531526.1167 90297.88083
445132.5515 310651.2404
526337.5347 228918.1946
-32910.49862 786664.2454
378292.279 -286655.5078
99457.75726 709755.7215
122275.7241 -510505.4802
-446815.6341 560186.405
106039.405 -560308.9537
831179.3821 687790.3957
-758163.718 -873058.0654
-240646.8219 -972411.8037
-170824.9108 713131.4023
223763.3509 281536.3642
427979.3127 885273.1259
671765.7806 -46419.23994
-402886.956 863919.1368
-928114.5162 -921678.2365
867705.7084 13026.03099
-591629.2515 -174830.4194
-297558.113 30388.97459
-964889.8962 345551.2136
-818086.4318 -378498.9572
817841.6217 -456710.3975
882902.7921 -80481.12421
284956.8943 -276930.2634
-976578.6926 819551.1034
-187262.6297 43804.85591
-514899.0535 -314783.2898
-141728.226 156258.023
-58645.30191 -282713.0077
732033.6201 953779.5364
1199.929591 387083.1672
-39205.83025 -618853.374
-710496.9264 -239645.6929
-829380.505 -583001.632
819491.6538 909476.2849
16062.7163 -158380.8155
-257727.0006 -644981.4075
345701.5955 258292.0993
-987595.3355 -64607.21309
-527315.5085 476103.7144
-718452.7556 -928525.146
162905.7813 -908927.292
985419.8222 -433987.5066
-933714.7525 918392.1795
-417260.5734 -248777.0963
-84409.87224 226340.4759
334741.8857 -552812.2569
154781.012 755730.4911
627144.5443 -714794.6246
470663.0243 861666.8485
-587991.5516 135440.757
-414685.0554 -264016.2442
-325456.8414 -351262.8431
977703.9677 -439125.2602
817556.9644 -980451.1621
-108141.4854 -955246.7412
998994.1587 -305447.3072
-127158.3442 -973325.8924
203352.3585 173366.726
-907325.2003 273241.5889
-249209.3645 702234.7077
-104622.7425 711665.3826
119166.0521 86408.10102
-268296.4705 -317336.9928
-107265.7223 321385.0776
-118999.2576 -829148.6766
-758250.1331 870369.4794
-697528.6482 -542373.8246
830477.5343 144274.2865
-988899.5318 527553.1195
784900.9471 286668.8061
356696.0356 -579288.2513
914167.4343 -470910.195
-593462.0885 932567.1124
-795706.9627 -261569.7807
-986377.5639 192828.6596
-386716.6913 278474.5023
272677.1281 -409862.8661
771821.0602 138485.9361
-732180.8883 -568506.5416
-857321.5127 456485.4572
999307.9236 382354.7108
166332.2037 602258.7203
-34962.90041 -14576.76042
-78160.3242 -900396.5661
-140139.3592 -229103.4762
462386.2139 912344.7343
-48940.36302 804460.7723
944176.3477 709962.1609
-19333.49516 100579.3513
-584495.9196 -418072.6649
-100560.5235 -816578.3001
-522493.1428 -503699.4869
32540.15343 -104952.3858
585287.6828 -143823.0855
2569.700484 683173.579
842854.9118 965281.8846
586054.2458 995338.0082
-405960.2922 -645558.4733
-279801.3657 -413892.4528
468257.8154 981390.3258
517704.5727 -29985.03391
208441.4146 463286.5736
278021.8516 -349665.3181
142899.6252 -694841.0238
901806.9183 -308609.1284
-447138.918 976919.1648
86552.07802 -99580.48468
-283047.5817 -116444.9399
503193.594 -422503.3134
-481068.9851 592603.8534
873146.7783 -495334.0232
409044.5399 85412.27597
-195920.8184 119842.3358
-268493.6977 -95202.7262
298559.156 -90310.69432
161088.9013 -527681.2467
592691.4613 129532.4567
-976814.2104 952441.9343
335514.4474 -943864.3027
77250.4572 59236.71809
639770.965 619916.5494
-525428.427 205646.9799
-66436.14304 -80951.03211
-864738.5618 -380756.5902
-632767.7218 214194.3781
386971.3544 -366743.6149
146069.6959 -314481.282
-520001.2464 451217.7679
-764597.1016 -497399.7588
-582146.5812 -441617.5597
-49084.82235 625671.8465
665650.527 315342.7146
-147259.2528 -68370.9961
-9104.32829 483511.0646
186662.2696 -978697.4675
-588785.1013 118381.1908
301399.7093 -58050.27834
-770872.5176 -294794.0694
-122093.6849 51873.13495
708287.9405 278688.0907
-237732.9411 315347.5179
533487.6562 449089.6632
335943.4593 294200.844
609191.0037 281764.0427
-12037.12049 -553824.7509
-299507.7091 -647212.5119
602882.7692 227212.5539
621318.3398 572050.2858
788079.0425 -410730.5941
-688738.5601 -276844.177
151239.7585 552139.5272
359595.4718 406282.868
291387.7359 -848911.8318
-864799.2352 771599.5078
-910356.8199 708052.5737
-970177.7206 887686.8798
270454.7294 -922194.5691
-336392.0446 -591652.8003
-40776.81945 -234729.4813
-735663.6373 846378.0733
925803.4862 295978.0924
-690128.331 -120935.3387
246012.9051 670951.4787
-176545.1947 111418.5089
934787.2052 341497.8556
-388809.9614 -542129.5244
-236653.3405 680285.5502
6942.146725 681693.18
588284.1746 736779.5612
-7813.721877 -907458.4386
-371004.2394 -894156.3574
348169.0239 -308330.8413
902735.6257 551458.9922
37567.0993 -325215.0744
-983961.2166 456997.5671
-581257.2061 -52362.73925
93578.14823 716905.221
607962.2327 -898227.7721
531248.031 -172176.6073
-75250.02161 -612076.9144
-620740.7552 586548.6671
820352.4727 875411.0133
-101964.3872 479710.1748
984687.4734 -965702.5697
334608.1838 54380.50109
-388397.1133 756233.5975
-368092.1214 391537.0532
603082.1292 448147.9823
833097.6705 -183180.5601
-291605.8601 181265.386
887303.9173 804259.0616
457410.7952 315016.6158
992006.3938 913444.069
624383.6007 953205.9156
229178.0757 -108725.6788
838789.4031 -689409.8776
-676818.4683 857753.3743
-207156.8738 471439.995
-129607.059 -166073.0548
544523.139 -910919.3259
743033.6972 512662.4471
321459.7637 700689.8733
230909.9985 -770191.7159
-733150.8794 957279.7179
571876.6661 -287003.4091
639482.5404 -307605.8709
-913340.229 -486854.4035
-725687.7781 355617.9707
867399.0134 68848.02669
-576117.2022 50033.42791
-892840.7924 856492.8429
946473.2194 323827.175
-78221.60916 -588694.0886
915998.1965 552383.8835
-923000.826 -19690.0386
-437668.227 768994.2534
-898268.494 -448325.0888
873786.6868 -56094.41333
668432.9517 485509.2197
-375188.6756 -510713.1544
593503.8536 691651.4483
-873960.8238 710991.5473
362833.4828 413008.2736
841127.4665 494118.7067
537663.1034 860184.1448
308461.9794 506085.6772
-418606.9742 810568.2456
849050.0962 -672069.7202
542871.4671 709879.7292
-838590.5985 -145773.7375
-739659.7185 949747.306
563000.032 97238.23123
-477498.7137 -31923.67702
-700382.9446 -517837.9218
79745.62787 -12119.80485
-929638.604 -51532.56447
83826.32726 668296.7633
417837.7166 972628.4656
-190183.4125 -897050.3235
668533.0102 536198.6943
-386741.7564 125489.9079
970676.2163 -107026.1621
199570.9057 -641330.9752
-837823.8182 553072.208
-499927.9708 93914.45522
-850968.7513 154339.1948
491566.984 133876.367
122972.4015 -299513.3357
-149844.4337 274688.6057
324404.9653 -779920.2978
-256904.2638 160638.9729
-180114.2076 414125.1783
698273.6479 429641.5847
-409316.637 964993.1814
998934.5174 334647.3159
-36055.09952 734089.2062
-789584.136 707254.6249
243740.3371 277325.2316
-249971.7327 718544.7845
741595.8806 862666.2505
-187078.6876 -951425.1366
-208987.7082 -808673.4587
-432188.6372 -933530.5992
-358681.9952 115810.6657
664803.3293 -170288.8263
-512873.3889 -150261.8888
-458550.4035 571438.4947
-873361.3317 459447.0595
542671.7317 469487.0574
-722376.2599 128352.9272
-824936.6132 995277.1982
337361.6679 -848986.0923
277974.4215 461.1475938
792362.6948 -563805.2853
-185064.9879 -518832.2861
917700.4736 -330826.5004
3060.11867 -190638.8355
-432307.7975 -664289.7064
-175540.4147 -226215.5748
-743054.9732 -474202.7086
-45987.34575 -945913.2039
440176.2886 651776.1798
599111.0944 -557009.7178
-573710.15 556875.4216
-661314.7636 -337621.8809
-730103.8862 -888993.5099
-831699.6572 246121.855
304167.7588 -722479.3296
-445674.6814 -445136.5491
568975.3391 420930.0348
225426.3656 658180.9013
-190483.0008 951569.8903
-480341.2608 954082.6547
-790986.1586 103957.417
-746457.4237 -420055.1098
283186.796 653588.2213
-459753.7588 460847.9593
-123176.0624 -804433.3834
-154553.3423 173497.3135
760754.9413 -635662.5912
-648750.6329 -549755.0423
-437042.4727 722549.8879
-685590.2907 30425.85326
564855.4664 518699.2872
311552.3809 349347.5802
625814.3427 281124.641
924912.3464 -884569.3673
-34091.55553 -505403.2686
48694.83448 -470939.4432
-481935.36 -882219.0001
377799.7709 245563.72
952828.3934 -349500.9288
139021.0787 -190668.8795
749601.2058 -770801.4073
577757.6972 -577747.9186
871298.9253 781471.4678
-638558.5778 797612.8125
-246798.0553 -9388.518032
23709.59486 -319649.5563
-18440.00974 -294572.1007
521531.6709 644857.6132
859471.6968 -561263.4211
-436253.2427 595086.6379
159701.223 759047.5085
-138842.5287 250927.7668
-694917.2705 -832548.068
-763910.011 -386389.906
-974091.4213 -658843.4809
-297510.1475 948718.8732
-166701.2536 17579.75262
963209.8732 728554.5325
781830.1094 608962.374
121617.0872 863491.3688
-697209.7436 59533.71763
-295875.7472 591357.5885
81530.002 -520204.9724
931980.7094 719986.654
-703499.9251 -538047.037
-714205.8804 326968.1921
-603539.6973 -109533.22
374271.7099 507510.8523
243516.7121 -114674.7612
197174.6702 -51505.55502
-461385.7929 -706751.4141
488563.1183 483936.261
-132833.0532 291362.3625
-79912.17553 206812.5207
123454.8628 -891049.5405
-838461.4506 -929458.9594
-877471.5411 -33679.71663
-380964.8416 -436229.9567
536796.1015 335498.4511
470037.4038 527918.6228
373267.9759 279017.1043
49555.18923 483358.2951
584506.141 -327477.5929
-529043.7573 970718.2019
-396971.5978 -987234.6124
-843173.2623 962778.4648
333956.0242 -880989.5795
-815456.1685 -22137.26585
238204.3644 -878613.8684
935168.2141 138210.0511
652931.389 491634.3558
-978935.0797 -375940.9146
715564.6123 -2607.925102
-357126.6753 -514884.2438
-886969.1847 767067.4684
-65779.99845 554809.9785
690149.4949 250330.8686
485182.7516 586148.7615
-779802.5744 -188683.7899
-499509.4599 891781.3979
203196.6576 409296.4479
82664.08379 -234054.1902
470870.2435 -822609.4436
720714.3842 973356.7573
384321.3464 74677.42378
-39886.60219 237921.8773
-436261.8854 -746261.2999
-386747.2765 876549.2592
132012.3959 350779.1052
937217.1491 -490919.4578
501.6886246 735274.0154
433980.2347 839615.1087
801147.704 -849393.1265
-902641.5202 -79853.13975
567593.311 -212819.8826
754593.1347 -369656.8847
-564111.5815 730179.2351
-981507.0456 -990453.81
-460182.1073 795668.7046
-620028.4853 -791161.0042
558340.9979 219308.2243
-777419.2088 -482973.4871
34406.1515 119694.9098
-606068.6719 -892369.1627
696004.4281 55787.66338
129005.6188 326587.5279
-799213.0907 -832876.6828
-191775.9141 967412.508
841871.9638 583650.8477
533981.7859 -68551.25004
502332.1807 -230655.7115
399389.7835 562591.1088
-600646.4198 -842748.0821
-355152.808 175310.841
-692565.7354 -523884.0794
281587.8413 -332617.0365
-259943.0009 171895.9773
-909698.882 27373.51123
-694981.496 949560.0743
375294.5797 -113205.022
-711300.7675 758176.7764
-281211.2481 624946.4834
-536166.8126 252944.7666
-185557.6374 288974.9226
-741268.7315 484242.5787
-997339.0206 -148056.8096
-99635.32239 -436054.8977
326719.4903 -568506.7759
-889291.1606 214119.2309
-918203.6138 -407733.1573
950498.4413 -144760.0584
609837.6146 75926.18498
57350.19837 -455199.8004
-900040.9643 691776.1701
-55860.13404 645025.66
-46618.77367 181044.8504
-883009.5343 -63619.35747
262602.5576 700566.6476
175260.4012 -602701.8272
-588873.7635 -939556.8446
398981.2213 -325045.5195
29306.32141 308433.0057
-38168.16734 -547115.5148
732076.5392 528637.1159
866559.0508 -582631.3458
-435981.5112 155979.7012
857683.8329 202637.4016
578038.8107 943425.077
-465160.7358 -623170.8732
486908.7908 -186808.2536
145190.1605 689727.3635
614623.3261 967591.5069
-295441.3794 777061.9584
7287.931207 170883.4981
582146.0431 383934.4661
-150467.681 257508.7578
566736.7736 -820330.4231
-298066.8577 103011.2261
-324319.1672 617385.6759
543711.1596 -930558.0224
-995802.8052 751951.9199
-231720.1269 -518276.9003
-330061.3595 -574183.7767
683328.2784 -462394.8947
960208.7016 -106818.954
-641612.3005 -340228.2061
745071.7111 -940674.5957
-593863.8049 -86508.23414
908485.3171 27568.70257
-325.5250181 -674641.5737
-502572.2751 -389835.329
509890.7501 518856.5011
-689641.4524 -945013.2175
312547.3143 513645.4222
332282.5127 -645530.016
-5567.936429 -304330.6103
-935865.6759 404238.1489
-399424.4839 -495487.9606
910115.7482 442101.2859
714181.215 379469.4408
823351.9757 279351.794
-480594.7919 679176.955
-689912.4074 899124.3436
642984.7534 293978.3233
-38251.08995 -270276.8978
151184.1383 -847427.4453
-646761.9934 -954768.905
-25853.88434 -307174.5877
-33944.52005 -659570.3349
-420249.5447 -794101.2307
-874395.8879 7831.69225
-786221.541 596895.4294
967075.1313 398984.3584
-23429.01068 413895.2215
-344569.5161 152294.0919
-586382.6659 559591.5331
-524482.151 -13538.25815
-712252.655 -52985.11122
-369484.4145 138785.3089
648740.7781 684006.7803
-434349.5554 -774769.3354
-807277.5109 129124.4548
507046.0877 -202846.4905
-886444.1263 726239.4475
725070.8148 861190.9621
-682886.7655 963920.5335
493173.4626 507662.4429
791993.2626 -68028.66613
-267226.4561 210694.3243
-405427.0082 -939821.1562
-975719.9932 25474.20288
-80690.24841 -20320.32013
535324.2357 642433.2259
-536147.2912 580099.3047
-654727.1426 -504015.8313
625391.822 679826.2109
-24189.18778 -816039.2778
-8130.325092 287307.4463
487000.7442 317140.8012
869440.8205 122333.1988
672533.8792 904367.1498
-183281.8648 -337416.4058
845065.439 316318.2403
-214895.6419 17898.86844
-716726.7676 -170638.8562
636384.004 -116026.6351
-575566.2481 825604.05
-568153.7167 -516774.4695
-759657.993 -690639.8916
674219.8005 -112113.9748
-884454.6001 769174.2105
406110.5854 729757.2559
527179.9225 -70801.78374
476840.8686 -979839.6317
155213.1042 247801.9931
-411642.1039 141709.4464
-812178.2611 -383874.9072
96646.7687 11664.51507
751112.9624 975347.3145
-611156.5184 289809.0099
166399.8506 -903257.7221
69701.61949 186421.1209
599259.1369 -63403.24198
-523769.047 61392.84751
9472.012915 -772144.3732
122903.9588 276385.3814
-546234.5429 -346517.8973
788319.6597 58234.31928
-75270.81129 751833.6472
485469.3907 934715.8634
226203.1693 576378.8391
34688.26705 973263.5654
-10144.16915 -658924.1525
96071.92998 399864.455
-656140.7316 -505970.5152
765917.0845 -963742.5207
-490597.6688 -652531.01
487837.8682 -885736.348
798100.9241 -758812.9308
562695.2251 -329671.0655
-177051.5824 291399.9175
179625.994 -577348.1173
743913.8512 190636.4562
274210.3858 962115.5782
-705901.7225 -772487.623
462356.7158 256541.4414
-617497.45 177925.2603
222092.173 -215609.8991
-7671.255977 26521.65765
-32343.31557 -82772.76846
-422622.8488 -494360.9121
186438.8393 -387902.016
-425883.5545 873270.7374
863869.6874 -925837.4394
-979187.1875 -408290.4714
-631258.2159 369750.7922
-999380.3159 490024.9762
-833141.2872 -435283.6583
368349.1181 787588.0084
570125.8961 250949.7458
-111316.9126 -546321.2817
109684.6756 28246.27819
530596.9868 -206081.8736
-493893.2516 797844.2925
-812312.0876 971190.6288
635233.2891 -668894.3151
-179867.8243 -416017.1202
317674.8723 610964.5224
-372162.7422 715007.0562
279061.1594 576615.8385
455039.308 -124793.7313
-294344.1146 896455.4135
-85153.19342 401261.1847
888656.4415 -533172.1978
773185.6208 526727.0268
-145096.3694 862333.7048
-56952.09646 477963.5802
-846475.3058 -542118.9325
-278124.236 -863813.7203
452594.3658 138543.0666
-887104.7554 -618421.3812
369412.3365 -346860.8367
731939.3199 -500621.7604
-319715.6245 -599821.762
424710.6009 592175.4419
-681171.6639 631395.6118
643867.5784 472705.1209
731656.2455 -58958.41409
-817611.6261 548727.765
-78944.2168 650118.8043
-854919.0295 314550.1888
955739.5203 760703.7367
-530846.8141 182743.0648
698116.321 -401309.3135
-108287.7666 290137.1175
481152.2543 731596.3326
26143.50943 339114.8397
821896.4199 -171145.9289
-807258.735 -4182.036317
197665.5047 669464.6312
296669.4381 -586810.4268
632025.3386 877831.6505
-111691.1049 -629815.0613
-294125.3143 556970.2428
-147666.3222 754141.1643
-946828.6419 -382156.4806
943929.1898 924300.5651
84746.02359 9088.736654
-894809.2498 372320.4065
-650697.5436 -517394.5186
624691.1271 -439202.0333
445501.377 289598.8827
528726.9751 -23387.3868
50626.18667 556122.594
38123.21454 415199.3266
-981211.901 27351.51622
249133.35 -930771.1989
57087.55909 390758.42
4452.363814 645258.5194
739720.0984 766014.4907
-152294.3093 -973302.1858
792146.7276 51582.94864
304850.7639 -724022.6459
966122.9832 189736.6871
-38475.78921 -251491.9248
33826.06071 -975279.8297
-669510.1978 204609.6003
-163198.8103 -664244.2882
-505836.0826 673051.7115
-339857.2764 -725178.2401
160311.1388 849352.8175
465548.6946 -510166.6821
-550598.616 967468.8936
489562.6438 -389174.8058
-136064.1188 302284.9005
595715.864 859005.2533
667109.3328 899601.6769
-442674.4842 950108.5658
-420958.5001 869584.4438
59254.61847 -784577.2359
48287.94985 703612.3974
-876907.1685 -602130.3862
-676775.9958 156334.3353
354075.6 -699093.3928
-236510.933 -696420.0835
-527013.2882 342137.6637
-361732.5897 648830.3936
868259.3571 -133761.151
-517278.8669 -650245.6368
-92437.52522 -850982.1791
-869319.7021 856362.8393
226779.4108 379996.7865
896139.315 -40349.38555
-646690.5644 -110370.0484
-764817.883 280334.6511
382705.3454 -246876.1789
-104105.2968 291076.7979
897660.1804 848010.9934
278275.9071 36789.8308
481874.4214 -941964.1439
-85964.06447 -558441.7325
737133.9177 828980.7363
-81968.12332 -123147.407
-495102.2052 -660035.3008
45987.199 -620027.8501
626382.0238 157120.9407
879638.3764 -805945.4004
438136.5768 518337.652
-723946.3314 -95004.96208
-392043.1708 -131183.5965
813767.3232 -755615.5722
-942559.8451 -853748.5154
-408905.8604 -553649.7834
-290990.7954 553356.4051
327553.6857 855928.6557
130039.1456 79691.09841
912888.6304 -860086.8396
-172251.5835 -974518.9529
130182.0914 760668.5592
578485.6997 -82822.96013
-354655.6484 -557480.4138
-548418.7201 -500274.3841
765634.5677 -939808.98
474364.375 809123.7383
-735886.1414 934296.3532
885167.2967 341730.0585
-544601.2191 -819245.3681
637445.9077 -713189.1962
358274.6243 -266709.6471
109487.1353 -143013.0867
723533.2126 241649.1424
-410894.829 985685.6508
-509172.5223 997895.3327
397417.8058 -347259.6911
407185.4769 984581.5844
130500.4038 46509.58274
49164.61128 -151824.6676
-800145.9717 -534602.142
901035.7725 -42681.1275
-73207.31528 -690660.6261
-177335.0627 32112.00172
-261185.0443 -361209.0691
270225.9238 -803625.4425
-830613.4237 498389.7749
-292598.3691 802692.6177
913422.5415 -367562.2585
-442392.9059 -254005.8721
-24586.50066 -13789.94167
691709.4219 -945488.1527
817815.4891 -94305.41571
354799.5112 367900.5154
-245224.3223 627135.3302
415453.5989 701852.5232
97287.7877 36991.05801
432415.8801 -625855.5365
-376939.3622 -32882.55738
-682971.5897 303507.9496
-297557.4501 -659800.7099
152897.9633 143432.545
-114729.6105 624184.8627
466755.4463 773974.9948
-824021.8994 881736.0408
-531696.8796 -312587.8618
-35010.1994 -833869.6151
993339.6839 539211.3445
855109.4594 -725315.7704
-736190.217 -715209.9822
183621.8111 868894.5616
-489257.3638 458476.8549
-175848.9794 -163075.1858
250827.5363 848487.219
395756.4655 22906.3586
-585778.0768 -142399.5162
-877600.1316 332275.7007
-780294.9743 860302.2873
760691.7823 631055.9759
-283443.6742 -422115.0939
-216320.7568 455687.6413
-166966.6109 945930.7933
268233.0319 398307.0971
365193.2637 -7175.298972
-336838.5817 -122836.9262
588217.8273 -767275.0775
-478610.1745 -212326.4649
984136.3627 62029.99386
-96523.21816 -142638.7939
-780810.7687 -286112.3721
355565.4544 298727.8027
424269.9643 -355232.9107
-955005.5476 311740.7928
116883.7625 -27007.84644
-204576.7779 -264266.1304
-922556.9565 63043.60447
-214618.531 -896679.4386
307579.8215 689471.4999
-401525.3949 148804.584
-47879.5842 412002.0574
-220701.5077 612254.2959
521151.4031 256304.1414
-11259.63094 987997.3353
-941342.2503 -317596.5607
361943.0903 482148.5724
89276.11106 -241895.9807
597080.3232 835084.1039
185765.3552 -964742.3247
-277083.9119 -922078.8357
-460678.0947 477534.9262
-800443.5816 86542.10349
97921.91242 513826.3543
-660134.461 -136771.1602
586279.8428 581408.5751
-11147.86663 -364394.8478
594120.9615 514632.4166
40368.08876 -6510.877305
251568.8856 -520504.0639
999883.0822 492153.0136
-875123.3402 727496.7433
-353111.2981 307687.1768
-62698.82239 634488.7654
-124542.5927 139406.1055
251003.8402 107380.527
-995096.2617 -277476.3359
-973053.9967 65546.84835
316195.7726 -390101.7185
-49496.73523 -544812.683
-233445.7907 274137.3582
416952.2371 -971490.7497
734157.2887 824269.1251
108442.6244 -609463.3786
372119.6812 -540427.8077
508639.351 -608412.3419
209133.0112 -666065.5008
-215246.4977 82195.67105
589474.7179 -283332.8742
-57728.73251 -86630.62724
42400.91941 261494.4708
-357023.2544 -761364.3757
555430.2222 288595.8183
-285351.846 238841.0603
-50112.44533 508646.3549
-280078.6685 307117.1401
480096.8737 -89904.79735
-136649.3787 611710.6199
-318790.5413 633179.0287
-305910.0116 -650346.8015
-676911.6282 -592142.5489
247450.5209 -503376.8029
195136.2654 -826834.9771
105127.2231 592648.5514
922355.0649 413529.0449
-136578.2 951855.0324
-894225.2504 -141435.6048
239251.6129 766955.1296
-767942.8087 -37615.76297
100202.9604 210574.6882
-567805.598 502885.6
905965.3398 817875.2629
359256.2181 -396966.5308
406975.9622 187562.3294
-323355.9138 -260195.0151
447104.0493 -526495.3242
191569.4934 435708.2376
893048.4828 312396.891
-401134.0418 -337132.9836
530592.0485 967212.6568
-19892.16781 954632.4697
506230.2419 -512277.9281
744023.8803 728445.6525
879282.0506 -47583.70342
-477411.7748 73122.65192
-720752.836 -837750.4676
122384.9427 -848447.6524
107026.4836 561502.9134
-890077.9987 -80337.61601
-136417.5684 -561973.8311
303382.2721 705725.0158
-661205.7943 820181.5019
-12732.4789 -249800.8728
300694.6981 -269299.0321
929395.3808 -502894.7981
696567.6808 -992581.2789
320977.057 103349.5142
-330442.3767 -738576.1599
-614115.4456 562575.8724
-517074.4643 124935.3824
-699729.4634 -278225.0912
155879.0808 172421.8573
-917868.6174 -122942.9636
-144595.8296 -906115.6302
-112847.3162 145266.0163
195415.8847 721113.6561
-580955.6481 766936.47
249810.7187 934297.8017
-32311.57843 743640.3415
418468.2622 450024.0921
-467647.7175 671727.9361
-122461.6354 -899108.375
50846.25249 -263654.4038
586668.6538 -100852.2543
337603.465 673658.4001
193576.2007 -566201.2467
12055.43656 461183.5743
843796.7858 -812152.4597
-138109.4703 983156.3839
102260.5817 -712654.7982
439325.6038 -788812.9776
-138690.8846 -205287.8357
-362156.135 -335601.9531
888867.5917 224559.0159
6305.252749 -181905.992
-370150.1652 -121545.0942
-858368.8594 924905.3729
-531409.022 138833.0236
799740.6553 728424.4484
-562363.2611 -222690.7057
-565002.0386 647104.7701
972923.3947 57163.79035
-84095.81446 -217050.9756
-422184.4551 967059.7433
-398762.6212 -575688.5531
688623.8236 -108003.1467
290854.8314 780185.9774
89627.0423 -997071.1044
-407799.7914 419166.3069
855962.2251 426110.8106
-749598.8043 -757287.351
-860377.2365 -30769.00142
712910.6826 364485.7954
-211794.2961 -474666.7117
440395.278 -283367.0051
748551.5261 693299.9125
-790120.1846 193206.8904
392475.8663 96228.53228
558017.0012 -616774.8755
-531608.3786 970199.8998
257162.3799 -764671.216
-51760.6246 662856.4831
14286.46206 -157421.5839
904353.905 355872.1911
-181768.8366 769969.5227
688311.6389 -619627.783
-261388.2327 -85838.61046
-962938.0822 -330824.5865
623369.3874 861403.3711
-510051.9892 -530303.3779
-587738.0981 575073.625
-651680.7056 593591.8993
-406442.0179 -224317.0014
-923975.9105 745769.5115
276386.9733 -950074.6697
-680366.9828 -809181.4721
417836.5757 705047.5148
116993.3746 652943.1737
-550023.3174 538603.6392
-956853.323 -576180.8846
-794797.4552 -967582.38
436088.9856 765523.7419
-407235.9007 -422432.8791
-601385.6027 176958.0663
-236165.9805 -133719.3886
317712.9655 928185.7864
-956770.8768 452285.4395
128359.8555 194275.3814
791939.9551 12135.85732
-699728.5254 638880.2295
-122755.2256 -843776.8779
315671.1563 348549.4615
-40022.4845 722114.9727
703342.061 -350586.9548
815682.2474 -118643.6508
-681855.2662 1494.528289
-757399.2123 -867844.9878
-965459.6526 337170.9479
-517800.3121 -139257.2019
-675564.8762 -471995.6294
-863809.9784 -509740.1161
-148996.7967 668916.5775
738443.3732 -438475.884
-316894.8987 553419.5183
170131.8811 -457091.2321
544398.9373 -669772.8711
-420152.9262 -281514.9813
-475823.3546 -588515.4648
-503847.9665 156488.3996
-368717.2335 -302946.5194
410285.716 -304844.2006
617608.7357 -751163.6542
-178964.5796 -42204.66825
-186832.6854 620521.8649
234605.6032 264035.0631
293626.8594 237694.3978
38852.29677 77792.77682
-138860.4119 673711.9167
-694583.6587 258860.1884
115503.3791 -332365.6183
-640444.3189 -366176.1776
-903734.9919 -692424.38
824009.0846 -801665.7408
480066.3462 555780.113
-321998.0163 85373.32311
668101.0067 36306.93995
-204430.0424 871231.2397
-762186.2943 730165.8217
204043.2791 51146.2672
639414.899 776364.0299
485796.8354 -60342.04845
743269.3645 734939.3985
-515974.8345 193217.0286
233199.3193 -173099.231
-262578.2633 -374159.2182
-397877.955 -296547.4365
961152.784 -132061.9225
-446850.4356 -47948.26326
429779.9747 -694058.3703
-802300.4893 -520480.6385
139853.4121 -654310.4452
85704.08084 -304056.4792
307711.9018 67700.42742
-878106.628 -267585.3166
-859587.0547 705006.7146
-960928.1541 645684.3046
683988.9886 -230158.9296
-879009.8666 -799868.7346
66022.35033 -239122.02
-63590.46327 182356.8403
-58747.50216 592772.0595
952979.8532 -894680.6351
846329.9721 -401560.5503
-428049.0721 -298239.2776
-130728.9683 208633.802
-962617.6536 662725.7604
200247.7599 -257055.6625
-194268.8626 737094.05
-910288.9292 128337.1188
-532844.0727 -176701.6029
672985.8297 -306123.7711
-545842.7691 -185370.5595
-930789.713 114630.9867
461513.1442 187203.9596
984115.835 -649822.51
771061.0689 -739408.882
147010.8088 712262.9728
404219.2105 221807.31
-879053.024 277926.1569
371795.6845 623489.0935
754450.1822 844761.0451
431889.2396 449568.3744
339061.5497 -362578.6841
-92243.24815 -496542.1214
717619.5537 -57345.96405
659845.1745 -135659.3246
523064.2976 -348404.6657
-547829.9743 -380893.6398
217728.2869 -23432.27607
70924.76139 -399294.5635
810479.5589 -785777.3466
493005.1954 -672083.0912
-433177.2763 -970008.3217
-32666.82382 932746.1067
488526.2375 428039.7466
-140581.654 285886.805
476782.4201 660068.2147
-692045.6638 928652.4642
-153173.9819 -641203.2548
-916367.4868 193955.9076
-812220.2748 -249272.3365
847144.1079 638037.2496
860898.235 -756496.052
-433909.9779 -944291.2208
496156.3783 535589.5641
-704336.2561 805221.1082
896958.8141 314567.8233
291776.5018 -158800.3223
-546460.5694 789570.8681
-481914.4 -103299.0994
-862462.0917 36458.7203
11464.07043 47131.16017
108760.6015 -30829.81758
-385296.3922 -260043.671
-719447.1178 435580.8525
-321200.3861 899608.1764
-438227.5819 788649.9536
-188635.7323 463302.491
502696.1615 -770855.9109
605806.6927 258910.9695
574375.9673 381820.8982
-703256.8684 -811072.2537
-774046.8524 701782.3751
981806.3256 63817.84582
-17330.95592 -164534.0131
-384169.6796 45996.38113
-694845.6677 -793016.4462
32275.33067 91855.01916
-662037.4473 -671006.2442
280357.2537 963866.2389
-286772.8788 -263119.3042
-973295.8484 -978556.6447
279878.4268 339376.6887
624773.9327 136436.738
-553439.4686 487948.4895
968139.3681 806140.3949
747572.7989 307105.029
-554697.1544 -662535.8635
-827167.4001 698154.3089
188371.8303 -347825.7152
542639.3906 907024.9381
-891338.6075 974944.0692
662747.4493 704268.3164
-168511.1954 48793.55474
-459853.0921 -653967.5896
465282.556 -302224.146
-860496.8247 -776293.2009
937930.894 580008.1333
-175192.1164 -696044.8599
-955780.9827 -885360.0047
323100.3496 -308693.7178
-812506.2766 -654145.2585
-725481.165 -590858.4825
-986366.8175 -178096.5725
341027.8384 -581423.4188
-887386.9855 432789.6561
-137144.3557 -6347.31166
-311119.0993 -909765.1615
-272164.0589 -202858.6882
-387266.7482 844683.8445
-691855.8636 678797.3132
-28603.03899 -628529.4159
911310.3063 -459201.779
-854296.353 -933598.2273
408345.9726 357151.423
-777827.0999 306880.3878
37849.1249 -989977.3183
633837.6932 212360.4297
-880944.7771 961292.2393
541655.6171 -822642.2654
-588745.0996 -522541.7349
-734967.803 973973.6777
-933964.0957 -305646.96
783099.6977 -134688.3353
-985704.183 -431720
-355845.6216 -535115.2917
889257.7659 684941.8702
-717357.145 -31355.17597
945196.0641 -421579.4429
-35544.09582 619739.449
-977015.0366 387473.8538
-624180.4426 89929.6089
733077.2234 -815381.4747
902156.4744 636665.15
612791.5311 193483.3259
748104.7522 77843.83211
-72692.81839 -8523.73278
428523.727 344147.0647
-285999.8771 -482499.3437
-85101.86641 -977578.5242
-859202.4291 24181.62973
-42262.28626 116489.2078
5098.448528 -461355.5168
-382841.9213 -997159.4836
772312.9416 293328.2917
154070.6434 -666233.0622
16294.79493 170625.1284
-370378.4645 -889862.4693
-341246.7044 242542.673
-178418.6191 122125.9053
-426160.3566 -871059.6297
383250.6956 -397048.0731
824894.2129 -37038.78591
-266473.826 -260765.8264
374095.8502 472591.8562
269295.0305 634853.3175
863661.0483 -431814.9846
829204.5124 928275.2282
32348.9339 -782275.4965
495114.6377 455903.147
995234.8943 392384.4382
-296171.0732 273814.8876
498663.0948 -187847.7383
-502374.9141 -992162.1868
-721996.3985 -447120.4376
-814420.5871 75687.59247
-485311.8685 -857893.9463
105823.3672 61335.48249
-393724.9197 -799196.2861
102821.8284 -425815.0606
766528.7153 -288225.6929
-219120.4399 -767983.0265
-430226.5352 322909.2596
-418511.7244 602057.3537
816234.7746 991575.3191
962977.4477 272358.6337
741483.1575 -489709.5663
375486.6026 -401659.5767
-991000.0226 82006.14593
446624.8733 195674.0188
-884482.638 615874.5339
164367.2103 759230.0694
724847.848 200547.8274
-621754.0873 -635758.7111
-152827.9923 724613.8472
883552.429 183152.7963
-254398.8122 180569.0749
328088.8304 -76408.18365
-717252.5798 -957952.0523
-250380.2617 -698371.0977
394358.1191 -221091.2469
-991834.4332 -375962.9836
613633.3549 733039.6947
291196.4915 -629275.5008
277920.596 -452470.3216
-576386.3376 -56152.94838
-157687.7968 329325.9141
-420746.8614 -521082.3694
-42287.49262 -23982.98205
-726542.5676 -722111.4558
670033.9968 76383.23978
764092.9028 904985.4404
-517394.5892 630947.3293
-154022.085 -836294.9459
-897838.0814 455406.7924
-974675.9417 795665.3867
41693.2068 867998.9108
255179.2236 629335.8212
601004.3171 155959.1565
-326453.468 -523882.7973
536656.3877 789846.2807
753656.1477 -234673.7668
-765463.4606 500062.1867
516610.8974 -256107.4807
-423900.595 -29682.89589
660749.0738 -819716.7439
880642.224 -482231.3455
542730.2882 -653653.9405
531713.1142 246033.6853
413209.5784 626941.7578
946149.2132 593912.7366
77286.31843 47377.19989
203730.6538 -895225.9527
204147.0359 774949.1751
-772790.4459 386424.9091
406550.5669 471959.9033
-978371.9428 -45681.31482
-837696.667 -527724.1483
-246805.7447 -224421.9144
-124568.9891 -211652.5783
-790374.373 186944.3327
879563.3413 -278975.637
-609521.0411 310889.4887
-268963.6249 -769485.2841
931427.2879 -942785.5501
-956585.9317 789451.1089
366655.3647 -661527.4362
776079.6781 250845.0919
-176899.784 -494270.0207
784230.9286 614047.8592
-220222.5472 -880373.1697
-299157.4146 916993.7619
-918077.5531 713046.2324
-37688.03408 -827592.4353
792799.9055 528557.9109
-658901.798 699129.5313
358097.5719 698558.1354
-926372.5347 -366920.3805
138614.9733 -821859.688
134950.2375 46965.11999
-57282.03141 8930.501658
-224447.0265 305592.0262
-295966.9463 -821374.6748
370493.0576 761071.0447
634911.482 985702.4355
638863.3107 583250.3808
562329.8161 652595.1109
477926.7684 828296.4021
247652.2553 560278.156
-477411.5939 -890215.549
-764501.6501 118413.8275
-478104.9126 -187604.0273
-359421.1539 -24518.20292
633597.0164 906558.6346
-201629.4109 -94161.43502
-687257.7746 -845909.2823
-940648.4217 882132.1471
-279893.0814 166430.4459
-344425.5639 -782030.4834
680799.6224 726616.2534
998631.6549 -790458.6944
-412657.0556 -569025.0935
-970517.5555 -74722.12177
-9321.684424 853215.0546
981884.6253 -120181.4565
-914948.2924 -615271.3177
-639757.7064 787063.0399
129284.8156 438224.5265
60384.25135 526470.0516
726516.8246 787031.7498
-683927.2532 983959.7979
878899.7494 -467044.633
-897318.816 84494.27128
208533.7441 -750231.5518
-408420.8947 1963.069976
723501.4091 473794.5403
702395.0636 511177.8142
388394.8052 -657511.635
-701961.6921 446735.505
943381.0726 -786140.2655
939362.3612 843800.7862
-902552.3099 -333476.2477
-157433.0591 -449821.5196
299321.3336 225961.6676
185616.4537 -14030.13588
-77868.28138 -187335.8507
-958002.7766 -661642.6965
542758.4815 -829808.6005
-954699.7135 911010.7334
-401372.3463 673633.5989
490979.6956 -272227.4892
245791.603 126363.1667
-899841.0231 -928128.7987
551283.8378 -849140.6484
96862.97629 -730225.0371
924665.2834 163477.8195
-365385.1245 70780.12829
226783.7455 996804.3997
928867.5218 469675.3292
-416176.5203 -119508.8392
-998393.9303 146683.6619
-108494.7045 -576762.5531
197126.001 145028.8735
-738573.9046 554930.3204
263814.9095 121224.1096
545623.8927 952658.475
-225318.7942 -376817.5248
40158.37326 372145.3905
-339144.4232 582422.8451
128264.8323 330151.3108
-271280.6075 762655.3751
808417.8923 -662851.2485
733527.8438 302204.6676
634818.7958 -558725.1581
-694.9973736 508885.2655
-28645.08807 -490798.7432
804397.6183 -473727.206
-338229.562 297898.3163
-890051.7635 495570.7942
-705285.2657 -839334.4788
183801.1987 -565903.4713
218363.7714 543744.3983
236759.6376 -549386.1096
58672.01909 -868230.0666
-139364.6438 -389423.1487
-816934.3265 683128.5423
-965863.1438 159122.7763
-270610.6618 -84618.62864
-164084.1055 -519399.397
43956.86069 -897791.056
-69519.78165 267546.4801
608055.9152 -126009.1298
-235211.6095 36928.87811
-71510.453 904728.4624
-435008.1245 -196255.4178
-94752.35997 -403487.0287
-780620.4026 -586017.1411
198696.8164 565772.2166
-248556.5322 -421829.133
613226.8098 -332898.6965
-206479.2758 -946899.2405
-563141.2904 -85271.46088
959979.7361 762751.0516
-911479.0611 -572145.7281
963787.5589 562391.3
375990.3823 806745.4127
-676577.5827 829408.6817
-328513.4015 -817309.2296
-127029.945 730225.5516
556128.4036 -896431.9117
534245.2031 753596.7285
-456440.8354 -522296.8922
-692113.2787 -621261.501
930370.4702 47023.5347
569013.8007 916079.5073
891722.7151 -188865.1448
-680328.5454 846003.0185
-765673.9353 472123.7799
326182.5538 -56654.28702
154992.6601 258895.0184
615905.3349 862901.7287
630856.2779 -813.2942953
386109.7992 -425459.1858
679588.0961 653994.9571
273602.1947 87777.55108
-470204.3015 -986567.0156
832949.3419 559011.0447
47272.03604 235807.5539
-606419.0171 -662656.5551
682750.5022 -77638.13816
-529377.4302 779397.4873
-900902.1378 494046.8774
570766.4432 -839965.3117
-583947.5009 265779.3048
-667191.6383 -203655.9809
31857.0138 13707.9444
-917747.9755 161058.0155
-903017.6298 164041.5072
-557459.9407 641974.7831
511425.7623 -474779.3323
26332.8531 -817772.6912
-530661.9231 -738474.6919
-267003.4734 -656377.7448
-872455.2004 104470.4234
751681.8355 -411918.7399
-512092.7641 903949.976
532303.1651 934296.8069
-997027.0527 -933041.4477
721646.2655 394988.8621
-971673.4469 -801642.8023
31510.27851 -338721.3387
-392479.4955 961326.2566
-359844.9494 486795.0073
817734.5405 -97245.07086
450466.4668 -621214.0141
627854.157 -647123.4401
-849001.2069 824446.8716
-865520.8239 -184907.1431
845214.6039 -447081.4356
264563.1327 776136.9734
660298.2277 135332.0772
244015.7877 298994.4056
-772035.5826 770196.6944
872106.13 12630.54391
101825.1812 -649173.2695
-772424.9331 868623.2774
489201.7678 981921.1564
-980701.6262 187901.1023
732896.1215 297280.614
-555250.4024 343673.5466
620295.4056 -959448.6056
449178.3159 500050.1551
106316.4303 59084.14534
546561.4326 821492.0949
-64910.45296 -461105.4914
-324405.3635 183573.647
-347608.6633 410297.5305
-928083.4324 -511244.1035
681311.8625 -23368.19574
985951.1425 445359.4232
-215889.8331 -212089.0971
-417584.3878 214877.1803
-965047.593 -926403.4696
-685262.3077 -906948.9651
-718525.8351 -205920.7585
528501.9787 74288.75085
-685516.0584 732309.3326
899685.6477 -759489.7801
-506202.2073 -386724.7009
-171481.5605 -509591.9557
-507867.7101 298690.9253
-579324.2464 -693780.4572
791192.3864 299353.1233
47682.62446 -687177.3968
-108297.8894 658622.8852
-572715.7624 558885.5597
-492801.2084 115557.0861
709967.6629 231171.2047
-489461.8414 637249.7333
-952578.1491 230697.9138
607274.0553 -18435.14972
433784.9617 994308.4249
-297073.8673 -508343.0665
-106201.3819 193005.658
-610367.8981 110918.8687
-902681.1927 -573251.7846
-589046.04 -659658.2906
196174.8211 -465619.4601
-761346.2825 -675349.2636
680821.5723 -845126.2545
848550.2622 507666.4396
-87633.31679 984703.7653
-721571.0164 -414576.0784
998391.749 -269683.3245
-208723.2256 971933.7928
540.1877185 -246553.4613
-207712.8623 -490696.0302
620479.5098 -179528.3225
365335.5708 203956.8292
60777.48864 242423.3104
-996577.781 -748889.7685
203526.5364 -906205.0516
422619.9748 643132.4935
-975053.0719 971803.9991
472851.0431 202175.516
-701718.0912 -453228.7371
-330406.0777 895085.1772
80968.25092 869068.5199
345334.8559 -694440.2383
845305.9789 686934.7456
-654650.0572 261433.3885
-431769.5703 -816469.0385
-758958.8067 245954.7676
178101.8037 -645515.8381
-942994.5536 674886.1947
-66560.35703 477137.3548
-870128.8782 694208.7645
-438262.9126 753587.955
-891445.0292 -408082.5943
-321102.0726 209743.2663
-553174.8482 -796258.9701
-838692.7589 305036.6862
-157501.8757 369695.5315
-851774.8421 -438430.6435
842298.7861 -668963.855
493002.0285 607881.9596
-171374.6193 -330393.7251
329529.038 -848332.0839
-581636.5695 -731456.0618
838703.2808 -77175.80305
-184117.1814 -767921.262
478917.198 759107.3223
-109955.5385 -139626.6666
612566.5733 -659666.3328
538573.5897 646602.2227
-186494.1688 -669009.5797
534508.6744 834128.1322
-211798.5479 585327.5417
964690.8168 619261.8198
713686.5185 947159.9729
938402.8361 549837.7745
229710.7161 -188211.5754
288388.4573 -851638.7268
583194.7572 110460.5379
-22963.40863 -634798.4952
-919862.953 -688153.6685
-764198.1059 -185158.3204
-637709.8208 -328240.9439
-320542.2398 -852141.7985
-687772.2555 944238.6234
47597.27461 14709.4191
826322.1252 67279.18197
-328941.1221 567374.3568
719195.2012 -537437.2716
-979068.3536 -753983.0644
130507.8571 -559653.398
-796823.8223 508911.6999
-891487.7779 159890.2876
679487.0913 -681480.025
308087.2074 526507.8703
-300481.3411 516146.0442
305349.57 -339195.025
897136.4796 453029.2387
911209.783 215396.1799
-575574.9317 -91069.24425
524186.1751 332318.8851
-228898.1537 -843763.396
597713.4775 -812831.0912
-733659.9136 -786602.2564
-67934.66097 -207782.8428
-252573.762 -238646.2104
196031.919 -782044.8344
686169.05 -870449.6279
676509.023 598967.4247
352290.0485 -981612.2279
-482964.0118 565319.289
732579.288 775454.7331
646889.6742 -172948.9682
-859873.4985 -397689.3684
666121.5119 -156520.0667
-727027.6552 259375.198
-510792.7717 788638.2871
526695.7053 360197.545
-862839.7309 310257.1042
679377.5833 -160042.0768
473863.0336 332577.466
441782.1707 657193.4313
195963.0925 -593283.5474
362070.2365 85974.33497
-244102.9821 -749824.2143
534832.9161 -877836.6287
-290339.722 742604.5364
-817494.9054 -978522.9986
411222.9234 -353991.3149
-698177.1178 827689.3415
747063.8414 398495.8873
941413.4186 -236090.3663
972319.2989 -73865.30534
-479138.2586 -904045.7996
-115271.6892 958856.2509
13582.83056 -490666.2813
43612.8231 -857200.262
791913.3267 155258.6784
-148872.436 -323230.7563
-322724.6237 -322338.3583
9850.822146 -623018.9412
-415878.1622 509034.6748
396831.7989 -761370.5774
735167.7316 -13861.13794
-383795.3642 -881458.1927
-290100.5858 921403.1543
-711446.6738 -240057.6979
-44347.0868 -294824.0698
-575632.596 -941526.1659
43749.56659 -259560.8682
-762246.8252 396160.6681
-809305.1865 -15566.14834
372598.6202 -83793.52694
590424.4659 -19845.2928
74538.11337 63110.18387
795254.6036 -18117.28775
654122.6394 -591040.102
119350.4332 -737149.8842
-996660.5894 -113755.2681
450566.5898 -418309.7757
-89980.71855 205447.3353
-788497.9153 -986611.1005
-112529.7487 -766278.4121
743183.9833 755332.1967
147736.474 -849432.973
-328097.3547 145658.4348
667937.5891 691087.1297
952873.27 210218.0051
-830465.1955 -655964.069
300095.2391 -547033.7981
-227633.3698 -794312.1662
-861668.9792 671073.0085
-918444.4389 457448.4181
-220928.1452 -829234.9837
-498055.7407 820318.2592
531040.5582 -44457.06675
-889627.723 -563790.2767
-722153.1337 -225080.3926
-27724.17291 -521001.8344
-844903.709 599032.9152
-173185.4972 -427058.5145
-62998.8288 99099.64836
-58535.59428 -505977.6305
868514.2569 862241.689
-186964.7622 294595.2421
380387.8916 432098.4544
536252.0648 -577767.0915
934409.9184 320939.6518
-64096.45038 -778239.5239
707904.4779 -459092.0443
551630.7373 -195409.9388
-983559.0679 -456859.6904
-658127.0605 852623.6906
-906016.637 979382.8873
742211.0955 -146999.3717
-144186.1763 43020.82944
-584191.0928 -203500.6908
-220401.8504 494302.3043
467545.4617 682298.1305
222692.301 -786535.7836
688247.2006 -818751.0349
-266643.8 341957.3084
-262458.3199 866235.1228
-214197.3761 772748.5804
-422805.709 194688.724
-216565.916 967137.1799
-453821.1409 189349.5256
287555.0669 -978776.2463
111292.4148 606362.6458
-775824.9051 966879.3742
-245621.9947 -117787.7818
-962608.4997 432565.0787
344541.1109 42629.17572
928335.3357 930042.4547
-223246.8176 -253114.133
313556.5098 -845757.0648
657690.9691 271855.8113
-25229.41025 180539.2296
-191828.8418 119336.5786
-249422.7196 -755385.5761
-587466.9011 867510.324
598650.193 234117.5158
-383985.0775 -428650.0232
-23047.25413 -802780.4009
371983.4385 396592.8414
-429658.5481 750770.1587
-671998.8883 755825.9239
-18553.3957 -956758.2331
