500
253722.7409 418639.6935
-439422.1538 -256180.6268
-379662.1232 -792405.4319
551760.6578 -889442.4193
-679452.1619 -405955.78
-44391.36572 39976.97262
-699376.9335 667364.2695
155551.9922 -337650.0892
973765.9777 -996685.1682
-941289.0403 -20696.59405
477917.4552 72533.53833
-754986.2142 -623448.406
228251.0396 -748134.3654
908056.9916 676203.2789
-481971.6155 -151328.2507
795828.4753 521234.5875
-96297.54014 331006.9103
-580875.3888 93949.67296
-648051.4842 -136183.4347
374828.977 672413.1182
946692.4063 -839293.8374
538874.7584 -499689.4557
538228.114 498503.2314
363331.561 -927264.7623
-556665.3659 305243.8403
-257068.507 -532617.0039
-668144.9274 -680484.6031
323987.0224 898314.2954
242091.2746 -964110.9603
443743.2718 -892611.2181
38349.72855 -869287.4649
954360.4147 -341887.7934
486547.9078 -657241.3262
879450.8067 -490085.0435
-752302.4536 -679833.6759
-789630.3239 -262875.7194
-345544.8867 153551.7209
516491.5336 399582.2056
870483.204 -275832.7477
-89855.21602 -519119.0477
-156842.6993 -420467.0712
-567227.7012 54878.18444
727285.5066 423128.8942
-234356.9938 -80474.46143
590705.2232 -993542.4388
329377.6629 -626350.512
-731921.7164 892089.1487
212002.5944 -305016.6641
19316.45564 668676.9142
-341131.4232 263526.5478
-917159.1232 534130.0328
38606.43143 -558968.9339
-822014.6742 412922.5482
-476442.9619 -243267.6093
-534784.7811 -61003.01223
954476.6497 -931513.8017
-936722.4168 183176.4019
-340842.2587 73056.53794
-192837.8267 933819.306
735028.4537 -703219.1832
279046.5972 863829.4491
630813.5347 145613.0442
890500.5455 -689172.2408
-312773.2475 -806923.4525
-955189.9232 713752.2355
349049.4647 396920.6644
-616032.4883 -308256.5252
-718579.0312 -556687.0809
172031.5717 -947320.6259
524687.7728 -845351.3646
851006.0929 -139107.994
662511.958 203275.283
38673.26934 -677161.1694
148720.5635 62854.59114
334098.5822 97472.56916
335930.8773 143165.2155
-117373.5685 4549.456905
-936686.9025 44126.92794
-929880.9856 -785638.9643
103658.8526 222221.1285
544060.5883 -26637.69528
393991.4965 -26300.97197
420900.125 -446706.0705
-439792.5426 60979.14629
-529194.5623 194952.4606
840504.7298 642354.6638
-539460.5007 799042.2351
303029.073 871871.8811
717531.8533 904861.8816
-754100.4971 404942.761
-784522.381 -800268.7851
-310847.0206 515242.2812
-338483.2982 146365.8337
-595036.0597 948695.7351
-16318.51043 609824.7403
-680840.3977 -701497.222
-238783.3994 -151732.9386
302589.1983 -879715.0697
795313.7975 802435.8961
-658407.5157 -937192.4478
44429.30021 -445603.6776
173723.9454 623790.7624
879742.9692 159725.0128
761568.1668 -620902.8235
437838.8963 -854261.9012
758119.7577 -820293.8032
-166407.2797 349385.6857
626093.6746 538720.2012
793047.9463 -27058.59779
-245030.9257 375155.797
-846356.4829 -44718.44053
-523961.3297 951761.6195
362397.6549 -275199.7126
588555.8254 -852978.0893
-32254.33038 -685.3384431
865686.9313 -707608.7328
-839355.9267 -183645.0987
926320.3993 -603840.1283
-607385.1236 151358.3944
171349.1852 -263594.6552
200265.3029 -702425.157
990801.2223 -194520.2262
639054.3687 -251501.2067
-40442.78528 292990.4088
598069.5386 -284656.4529
-331386.4953 -710205.0902
333712.6632 -370602.232
204498.7905 841659.0652
33062.94458 -471733.0878
667296.2922 269238.8523
-83908.2748 -688254.1974
331946.3954 589761.5176
-422691.0741 -358777.3442
438310.4713 -536209.3166
-253281.3659 -852299.3464
132365.2671 -154895.0377
-413913.108 -284948.6397
178838.4655 -73882.56928
888904.1222 -899036.7292
191854.3835 728343.0747
-790841.2802 666755.6719
317187.1285 -962167.969
-610642.2652 46144.91576
439589.5113 674163.705
319775.1475 286053.3744
69752.38251 -353142.2398
-115259.3598 -446664.8712
-765524.3639 672750.9416
-334143.3707 71912.66827
859780.1986 -513542.9966
193446.3066 -506052.6304
-607644.0818 671994.0983
246485.236 343296.4312
742567.6623 -768786.8104
352130.5112 -90905.65281
-935461.2495 710164.9121
322850.7682 -880080.3873
-441013.551 -647159.8979
794489.4888 188318.3207
381863.1772 138679.803
-130994.3956 -593683.3796
-455114.2836 -511399.6235
-46096.61558 922872.2742
-565180.3405 564949.1749
920109.6417 146800.3921
-741914.1285 3707.48977
10117.98127 -763205.4437
337808.9594 -226585.1739
662193.4912 -753111.4058
296150.5587 697390.6773
-788875.1149 -278065.133
438408.564 161938.6178
-685691.4278 -661780.9612
342703.0123 773020.6895
-316304.2494 399278.1917
583964.9042 -435560.8184
-660078.1189 -853632.5659
500341.7893 -670800.8447
546404.8991 -132143.3838
858642.9515 -467426.4243
585560.4839 -572168.4464
-238744.7944 857055.2823
233126.1802 -287331.7252
-604198.9519 582280.9736
-963497.5942 -770941.2789
309257.5587 -235174.029
-337416.8166 828736.2967
-213098.1157 663102.0172
-740781.4095 884139.0128
-295879.0203 143782.5181
688402.8441 634633.5142
-129249.4419 -301686.0187
838237.1814 489160.1765
552835.3608 224115.4997
-370784.977 -748155.6899
-733413.2375 -747938.0243
501049.6757 -82172.51861
-530648.2395 367892.1075
708472.9651 -759646.6808
888385.2593 -879475.2525
-717641.32 -545023.0006
198388.1962 -892546.396
624610.4106 -936323.1934
948934.0298 342159.1448
-523565.5454 179416.0222
-544475.3294 -104372.0162
866010.8841 26997.85777
719021.1072 218936.3726
248010.2187 288779.5707
-947999.4007 -584501.4188
120649.3646 -758618.5396
-724568.8348 85200.64286
773199.4523 -274813.9698
-401577.716 826004.395
940597.7612 595744.6065
-102559.3982 387852.1761
-63581.40823 -196890.5041
-65582.38262 35191.02224
798534.6401 -726011.9615
378268.4615 -181443.4546
-937489.8637 -614706.5883
-450262.657 -182747.0609
444585.8348 265877.1461
-999449.3017 -307137.2813
-15585.21813 -362901.4192
-723996.0561 -226174.0424
-887730.4839 531063.5446
923841.2568 998184.2833
-300434.7492 -601999.0796
85649.03837 -596766.1546
27518.02244 216039.7023
596900.6704 -706657.1062
47569.02452 143253.9256
357418.8572 689281.4019
-335854.6556 488149.2105
-194432.6735 110905.47
229002.7763 227852.2506
-920673.4446 -313021.4593
-657212.9807 -152309.3428
460745.4008 -268712.2895
-826788.4678 -163668.6135
-349475.1996 127967.1414
63720.41901 -879517.422
-779735.5655 99030.01235
-745525.6759 -881305.9911
835954.0089 717022.3334
98604.66336 692650.7119
328691.1729 946386.3416
-681306.6958 -433334.5679
195912.6807 -874227.9262
898788.2043 -435537.5441
-138351.1468 -602738.7676
518392.8394 345477.6687
366729.8137 -663034.6834
841871.3357 -992363.1463
-643696.3114 336547.2067
34964.40845 -66065.23203
-812712.5087 -109758.1035
304092.5781 764700.5335
-592173.458 -967850.847
-781833.6185 122266.1794
-509011.2617 -939919.5378
772703.4247 94802.47275
-25904.15706 873217.4772
97813.02482 506673.6853
-655082.6489 -239147.0026
934075.6571 -397220.8532
780905.9957 -499287.9263
679112.6276 416957.9193
52600.17371 -816932.9821
564260.6998 -384282.1486
513252.8913 290691.6541
-691535.1519 -89601.57345
-675144.1938 -181884.7873
-665429.2789 970862.1721
-332860.2232 -291347.3118
-355699.4611 282751.5096
-924634.3666 -843571.8422
-17755.95031 -494563.061
317228.0097 -996671.3047
-798260.4418 911031.0313
-669187.1857 -767115.8582
921911.7369 -559219.199
-490874.3374 -513978.391
98456.86926 703298.682
115220.7812 803992.787
519394.7706 996580.1493
-249919.7358 491044.4261
532626.7169 283330.0174
-795063.7381 726721.4087
861950.1445 -417667.7405
950799.5542 661338.1106
-620756.1982 530418.2642
-935322.3732 -249125.9991
-613705.1737 193894.9846
98956.95559 553968.1191
416796.8036 767129.367
989322.2964 -453.7019232
496869.7151 379414.7413
-657545.6259 -434344.9898
821705.621 -201384.1332
804987.2154 96730.26419
-473694.6869 -528332.3719
-328788.9414 -94233.72762
334208.576 638409.8666
83592.51494 492567.7743
517397.8976 -186500.36
404559.2692 322354.6199
-447213.2866 -397074.0289
908583.1126 804607.8017
948480.2466 -180084.0666
592076.1086 204012.7881
-780145.7707 -853923.1851
-233238.3615 -218134.2689
118217.5377 398059.0993
-977713.7194 -225234.0344
131380.2953 -462828.9211
-676759.1718 616619.9483
-616658.0062 296308.6411
-854290.481 -242089.7417
-13490.47284 -567508.9801
-293747.3905 784298.2027
-121699.0983 964336.4342
153275.6495 -713511.4485
-329.6672309 -834804.8954
-654145.8661 -250756.9034
-670630.5113 -509145.7885
582312.6319 -498508.4688
99627.40483 30580.88734
-296262.4531 -175579.1747
831374.9645 137263.9836
-198954.2853 612709.9695
-913185.5262 -739801.9044
938440.0952 -585581.7384
661366.4396 -387876.7203
969843.9594 -334262.9175
-835210.5984 363312.2828
-591693.8893 -672126.9968
-605070.1433 743653.1452
-818508.9538 -505948.5411
34139.56035 735982.9472
193405.1537 973458.0067
645597.316 372861.5401
255996.7154 -206689.4438
-159897.4714 -44482.56385
627244.7103 -410413.877
-51359.71444 -141517.2343
-71934.30868 316129.2126
124612.2496 335246.6552
304930.3256 -440616.08
-989636.8405 -881605.6687
-570681.1022 -492677.2664
476324.8477 -53619.32866
846122.6623 -498690.7352
367819.1361 -52155.79791
12780.1236 670132.5295
946203.1824 -702592.6232
-207024.2818 541235.8803
-91043.17549 272642.0059
484004.2238 -455729.134
-639183.6739 575414.0361
-845489.9824 682231.635
889621.0338 891925.8121
-245642.0785 657409.6036
-542798.3585 722858.7482
909302.5801 738027.2481
500208.0444 -165084.595
-192585.363 -275885.4201
-592147.6665 647158.8277
931673.359 -166321.48
449926.6411 -169799.1665
206719.524 974860.368
-991595.709 -739644.6607
355664.7033 -526334.0922
361487.3363 -708014.0602
197559.4656 -852575.7549
-594071.9058 465197.3133
916429.5194 480953.7969
-569105.6758 678319.846
-562751.211 -458597.3882
671690.4262 245627.8562
-84535.07205 450469.1517
-174327.5813 -795485.1727
-128455.0722 -515043.7443
263684.8656 89280.52007
-842117.8414 -903470.6262
-59339.74206 -323095.3351
707596.4437 -442873.1721
406663.6397 740752.4033
-636038.027 61861.2446
450582.7323 -529346.0046
-524507.4605 644600.5855
735777.042 -922680.4155
-24575.6407 -289494.8668
-669913.86 -379344.6082
-699257.7082 813413.7169
183428.88 658662.2378
-577315.3594 164234.1457
-689882.9937 -384949.8064
-262782.1701 -930058.0776
-869545.3863 541188.1011
-394257.8174 934506.1325
395650.2164 -691138.6916
130921.2136 377974.3762
-82318.54185 -676405.3264
-975076.9759 610987.4575
126978.8854 151304.5502
456906.1915 21651.03623
-50449.81428 170363.3598
451243.5837 -309622.444
-934085.9226 515143.4489
-181714.3799 -674933.8631
-930660.7062 -656541.8308
894061.2163 640184.2939
-334722.9669 670068.9377
-117221.2257 -881908.3538
288572.3819 -582229.0918
377701.3534 -265960.3383
-752553.6281 626468.6296
81110.95904 465774.0263
99364.64367 413638.614
441896.311 410596.3562
-235600.6226 -631285.9235
-391719.303 400469.9756
-19479.91752 -641524.3855
-531977.9293 55378.33001
-322132.5972 349222.0666
193473.8098 641866.2583
-896252.1557 -722624.6194
712122.3469 -955497.7204
-448832.5161 -801650.6164
564349.6601 594764.7221
-965544.4532 253647.7724
-376024.6284 -358761.0375
628575.6689 474110.3791
-740494.5288 -367644.0507
-791804.6776 767622.0381
232253.3423 756421.5716
-246076.7936 607590.8562
295745.5615 -873864.35
183787.8965 -337435.1443
-498605.0181 -682290.6232
429528.1435 -856037.3474
-628245.2185 -524283.6154
-614487.8426 -311206.8285
-365975.7572 960281.8275
324355.4724 857804.6943
572474.3843 302479.2779
-637681.8402 -485626.9972
-951415.2235 -32553.71633
935334.9291 770969.9155
738562.0941 -616313.2075
-548460.752 635892.2377
87426.89277 -633885.3263
787290.4068 -441049.6735
-296461.7397 386455.9229
-913683.5233 -511953.7321
141355.8809 -297808.4515
-421441.2156 -358511.6784
324899.6055 867854.5949
590029.046 -384949.3671
-354185.7393 -881633.8058
-609991.8652 31751.39098
86450.159 224728.6208
962578.333 286443.4308
-617387.3758 -656637.8822
857576.5018 -205227.2931
-608168.4891 602649.9433
648518.8524 141857.9337
-831521.8969 -781707.949
488227.9522 319391.1832
13613.1975 -648425.889
-463984.1849 -90741.43384
917829.7444 -651611.2286
31582.86001 193240.9612
486283.1495 -308219.1565
925843.8827 -800900.4881
-791183.9724 588478.6242
-239798.7679 -720325.6556
-806268.3005 -757993.235
426559.0302 159151.6717
175294.7747 990667.7497
-870735.7024 -248258.8505
-523078.4279 965761.2497
-731773.1115 283343.7001
311303.0613 -297802.1528
758681.2095 -656827.2827
-33146.12078 -807985.0449
-753860.4589 -759100.7765
-731818.7452 -156818.7536
-484325.1731 139856.0671
-625842.4528 -691243.6918
201223.9637 -805672.5155
-313406.9185 834046.9046
862588.9116 -509084.658
600064.49 173510.1774
623690.1844 32881.92648
317730.8674 -233086.8381
-611099.2114 119244.6363
403535.1416 -472033.0693
